First q0 0.000112
First q0 0.000112
First q0 0.000112
DQ_sub 0.0000032843
First q0 0.000112
DQ_sub 0.0000034844
DQ_sub 0.0000030404
DQ 0.0000130375
q0 0.000112
DQ_sub 0.0000032284
DQ 0.0000130375
q0 0.000112
Tau 8.614286
DQ 0.0000130375
q0 0.000112
Tau 8.614286
DQ 0.0000130375
q0 0.000112
Tau 8.614286
0.000225
0.000227
0
32
2048
2080
Tau 8.614286
 0.030279
0.000231
0
32
2048
2080
0.000227
0
32
2048
2080
0
32
2048
2080
0.0000000000
0.0000000000
0.0000000000
0.0000000000
0.0000000000
0.0000000000
0.0000000000
0.0000000000
0.0000000000
0.0000000000
0.0000000000
0.0000000000
0.0000000000
0.0000000000
0.0000000000
0.0000000000
0.0000000000
0.0000000000
0.0000000000
0.0000000000
0.0000000000
0.0000000000
0.0000000000
0.0000000000
0.0000000000
0.0000000000
0.0000000000
0.0000000000
0.0000000000
0.0000000000
0.0000000000
0.0000000000
0.0000000000
0.0000000000
0.0000000000
0.0000000000
0.0000000000
0.0000000000
0.0000000000
0.0000000000
0.0000000000
0.0000000000
0.0000000000
0.0000000000
0.0000000000
0.0000000000
0.0000000000
0.0000000000
0.0000000000
0.0000000000
0.0000000000
0.0000000000
0.0000000000
0.0000000000
0.0000000000
0.0000000000
0.0000000000
0.0000000000
0.0000000000
0.0000000000
0.0000000000
0.0000000000
0.0000000000
0.0000000000
0.0000000000
0.0000040178
0.0000696037
0.0000732967
0.0000768666
0.0000803134
0.0000836371
0.0000868377
0.0000899153
0.0000928697
0.0000957010
0.0000984092
0.0001009943
0.0001034563
0.0001057952
0.0001080110
0.0001101037
0.0001120733
0.0001139199
0.0001156433
0.0001172436
0.0001187208
0.0001200749
0.0001213059
0.0001224138
0.0001233986
0.0001242603
0.0001249989
0.0001256144
0.0001261068
0.0001264761
-0.0009542483
-0.0009521949
0.0001268454
0.0001267223
0.0001264761
0.0001261068
0.0001256144
0.0001249989
0.0001242603
0.0001233986
0.0001224138
0.0001213059
0.0001200749
0.0001187208
0.0001172436
0.0001156433
0.0001139199
0.0001120733
0.0001101037
0.0001080110
0.0001057952
0.0001034563
0.0001009943
0.0000984092
0.0000957010
0.0000928697
0.0000899153
0.0000868377
0.0000836371
0.0000803134
0.0000768666
-0.0001100822
0.0000000000
0.0000000000
0.0000696037
0.0002548684
0.0003164706
0.0003760193
0.0004335147
0.0004889566
0.0005423451
0.0005936803
0.0006429620
0.0006901903
0.0007353652
0.0007784867
0.0008195548
0.0008585695
0.0008955308
0.0009304387
0.0009632932
0.0009940942
0.0010228419
0.0010495362
0.0010741770
0.0010967645
0.0011172985
0.0011357792
0.0011522064
0.0011665803
0.0011789007
0.0011891677
0.0011973813
0.0012035416
0.0000668384
0.0000708221
0.0012097018
0.0012076484
0.0012035416
0.0011973813
0.0011891677
0.0011789007
0.0011665803
0.0011522064
0.0011357792
0.0011172985
0.0010967645
0.0010741770
0.0010495362
0.0010228419
0.0009940942
0.0009632932
0.0009304387
0.0008955308
0.0008585695
0.0008195548
0.0007784867
0.0007353652
0.0006901903
0.0006429620
0.0005936803
0.0005423451
0.0004889566
0.0004335147
0.0003760193
0.0000732522
0.0000000000
0.0000000000
0.0000732967
0.0003164706
0.0003780727
0.0004376215
0.0004951168
0.0005505588
0.0006039473
0.0006552824
0.0007045641
0.0007517924
0.0007969674
0.0008400889
0.0008811570
0.0009201717
0.0009571330
0.0009920408
0.0010248953
0.0010556964
0.0010844441
0.0011111383
0.0011357792
0.0011583666
0.0011789007
0.0011973813
0.0012138086
0.0012281824
0.0012405028
0.0012507699
0.0012589835
0.0012651437
0.0000705314
0.0000745151
0.0012713039
0.0012692505
0.0012651437
0.0012589835
0.0012507699
0.0012405028
0.0012281824
0.0012138086
0.0011973813
0.0011789007
0.0011583666
0.0011357792
0.0011111383
0.0010844441
0.0010556964
0.0010248953
0.0009920408
0.0009571330
0.0009201717
0.0008811570
0.0008400889
0.0007969674
0.0007517924
0.0007045641
0.0006552824
0.0006039473
0.0005505588
0.0004951168
0.0004376215
0.0000769452
0.0000000000
0.0000000000
0.0000768666
0.0003760193
0.0004376215
0.0004971702
0.0005546656
0.0006101075
0.0006634960
0.0007148312
0.0007641129
0.0008113412
0.0008565161
0.0008996376
0.0009407057
0.0009797204
0.0010166817
0.0010515896
0.0010844441
0.0011152451
0.0011439928
0.0011706871
0.0011953279
0.0012179154
0.0012384494
0.0012569301
0.0012733573
0.0012877312
0.0013000516
0.0013103186
0.0013185322
0.0013246925
0.0000741013
0.0000780850
0.0013308527
0.0013287993
0.0013246925
0.0013185322
0.0013103186
0.0013000516
0.0012877312
0.0012733573
0.0012569301
0.0012384494
0.0012179154
0.0011953279
0.0011706871
0.0011439928
0.0011152451
0.0010844441
0.0010515896
0.0010166817
0.0009797204
0.0009407057
0.0008996376
0.0008565161
0.0008113412
0.0007641129
0.0007148312
0.0006634960
0.0006101075
0.0005546656
0.0004971702
0.0000805151
0.0000000000
0.0000000000
0.0000803134
0.0004335147
0.0004951168
0.0005546656
0.0006121609
0.0006676028
0.0007209914
0.0007723265
0.0008216082
0.0008688365
0.0009140114
0.0009571330
0.0009982011
0.0010372157
0.0010741770
0.0011090849
0.0011419394
0.0011727405
0.0012014882
0.0012281824
0.0012528233
0.0012754107
0.0012959448
0.0013144254
0.0013308527
0.0013452265
0.0013575469
0.0013678140
0.0013760276
0.0013821878
0.0000775481
0.0000815318
0.0013883480
0.0013862946
0.0013821878
0.0013760276
0.0013678140
0.0013575469
0.0013452265
0.0013308527
0.0013144254
0.0012959448
0.0012754107
0.0012528233
0.0012281824
0.0012014882
0.0011727405
0.0011419394
0.0011090849
0.0010741770
0.0010372157
0.0009982011
0.0009571330
0.0009140114
0.0008688365
0.0008216082
0.0007723265
0.0007209914
0.0006676028
0.0006121609
0.0005546656
0.0000839619
0.0000000000
0.0000000000
0.0000836371
0.0004889566
0.0005505588
0.0006101075
0.0006676028
0.0007230448
0.0007764333
0.0008277684
0.0008770502
0.0009242785
0.0009694534
0.0010125749
0.0010536430
0.0010926577
0.0011296190
0.0011645269
0.0011973813
0.0012281824
0.0012569301
0.0012836244
0.0013082652
0.0013308527
0.0013513867
0.0013698674
0.0013862946
0.0014006684
0.0014129889
0.0014232559
0.0014314695
0.0014376297
0.0000808718
0.0000848555
0.0014437899
0.0014417365
0.0014376297
0.0014314695
0.0014232559
0.0014129889
0.0014006684
0.0013862946
0.0013698674
0.0013513867
0.0013308527
0.0013082652
0.0012836244
0.0012569301
0.0012281824
0.0011973813
0.0011645269
0.0011296190
0.0010926577
0.0010536430
0.0010125749
0.0009694534
0.0009242785
0.0008770502
0.0008277684
0.0007764333
0.0007230448
0.0006676028
0.0006101075
0.0000872857
0.0000000000
0.0000000000
0.0000868377
0.0005423451
0.0006039473
0.0006634960
0.0007209914
0.0007764333
0.0008298218
0.0008811570
0.0009304387
0.0009776670
0.0010228419
0.0010659634
0.0011070315
0.0011460462
0.0011830075
0.0012179154
0.0012507699
0.0012815709
0.0013103186
0.0013370129
0.0013616537
0.0013842412
0.0014047752
0.0014232559
0.0014396831
0.0014540570
0.0014663774
0.0014766444
0.0014848580
0.0014910183
0.0000840724
0.0000880561
0.0014971785
0.0014951251
0.0014910183
0.0014848580
0.0014766444
0.0014663774
0.0014540570
0.0014396831
0.0014232559
0.0014047752
0.0013842412
0.0013616537
0.0013370129
0.0013103186
0.0012815709
0.0012507699
0.0012179154
0.0011830075
0.0011460462
0.0011070315
0.0010659634
0.0010228419
0.0009776670
0.0009304387
0.0008811570
0.0008298218
0.0007764333
0.0007209914
0.0006634960
0.0000904863
0.0000000000
0.0000000000
0.0000899153
0.0005936803
0.0006552824
0.0007148312
0.0007723265
0.0008277684
0.0008811570
0.0009324921
0.0009817738
0.0010290021
0.0010741770
0.0011172985
0.0011583666
0.0011973813
0.0012343426
0.0012692505
0.0013021050
0.0013329061
0.0013616537
0.0013883480
0.0014129889
0.0014355763
0.0014561104
0.0014745910
0.0014910183
0.0015053921
0.0015177125
0.0015279796
0.0015361932
0.0015423534
0.0000871499
0.0000911337
0.0015485136
0.0015464602
0.0015423534
0.0015361932
0.0015279796
0.0015177125
0.0015053921
0.0014910183
0.0014745910
0.0014561104
0.0014355763
0.0014129889
0.0013883480
0.0013616537
0.0013329061
0.0013021050
0.0012692505
0.0012343426
0.0011973813
0.0011583666
0.0011172985
0.0010741770
0.0010290021
0.0009817738
0.0009324921
0.0008811570
0.0008277684
0.0007723265
0.0007148312
0.0000935638
0.0000000000
0.0000000000
0.0000928697
0.0006429620
0.0007045641
0.0007641129
0.0008216082
0.0008770502
0.0009304387
0.0009817738
0.0010310555
0.0010782838
0.0011234588
0.0011665803
0.0012076484
0.0012466631
0.0012836244
0.0013185322
0.0013513867
0.0013821878
0.0014109355
0.0014376297
0.0014622706
0.0014848580
0.0015053921
0.0015238727
0.0015403000
0.0015546738
0.0015669942
0.0015772613
0.0015854749
0.0015916351
0.0000901044
0.0000940881
0.0015977953
0.0015957419
0.0015916351
0.0015854749
0.0015772613
0.0015669942
0.0015546738
0.0015403000
0.0015238727
0.0015053921
0.0014848580
0.0014622706
0.0014376297
0.0014109355
0.0013821878
0.0013513867
0.0013185322
0.0012836244
0.0012466631
0.0012076484
0.0011665803
0.0011234588
0.0010782838
0.0010310555
0.0009817738
0.0009304387
0.0008770502
0.0008216082
0.0007641129
0.0000965182
0.0000000000
0.0000000000
0.0000957010
0.0006901903
0.0007517924
0.0008113412
0.0008688365
0.0009242785
0.0009776670
0.0010290021
0.0010782838
0.0011255122
0.0011706871
0.0012138086
0.0012548767
0.0012938914
0.0013308527
0.0013657606
0.0013986150
0.0014294161
0.0014581638
0.0014848580
0.0015094989
0.0015320864
0.0015526204
0.0015711011
0.0015875283
0.0016019021
0.0016142226
0.0016244896
0.0016327032
0.0016388634
0.0000929357
0.0000969194
0.0016450236
0.0016429702
0.0016388634
0.0016327032
0.0016244896
0.0016142226
0.0016019021
0.0015875283
0.0015711011
0.0015526204
0.0015320864
0.0015094989
0.0014848580
0.0014581638
0.0014294161
0.0013986150
0.0013657606
0.0013308527
0.0012938914
0.0012548767
0.0012138086
0.0011706871
0.0011255122
0.0010782838
0.0010290021
0.0009776670
0.0009242785
0.0008688365
0.0008113412
0.0000993495
0.0000000000
0.0000000000
0.0000984092
0.0007353652
0.0007969674
0.0008565161
0.0009140114
0.0009694534
0.0010228419
0.0010741770
0.0011234588
0.0011706871
0.0012158620
0.0012589835
0.0013000516
0.0013390663
0.0013760276
0.0014109355
0.0014437899
0.0014745910
0.0015033387
0.0015300330
0.0015546738
0.0015772613
0.0015977953
0.0016162760
0.0016327032
0.0016470770
0.0016593975
0.0016696645
0.0016778781
0.0016840383
0.0000956439
0.0000996276
0.0016901985
0.0016881451
0.0016840383
0.0016778781
0.0016696645
0.0016593975
0.0016470770
0.0016327032
0.0016162760
0.0015977953
0.0015772613
0.0015546738
0.0015300330
0.0015033387
0.0014745910
0.0014437899
0.0014109355
0.0013760276
0.0013390663
0.0013000516
0.0012589835
0.0012158620
0.0011706871
0.0011234588
0.0010741770
0.0010228419
0.0009694534
0.0009140114
0.0008565161
0.0001020577
0.0000000000
0.0000000000
0.0001009943
0.0007784867
0.0008400889
0.0008996376
0.0009571330
0.0010125749
0.0010659634
0.0011172985
0.0011665803
0.0012138086
0.0012589835
0.0013021050
0.0013431731
0.0013821878
0.0014191491
0.0014540570
0.0014869115
0.0015177125
0.0015464602
0.0015731545
0.0015977953
0.0016203828
0.0016409168
0.0016593975
0.0016758247
0.0016901985
0.0017025190
0.0017127860
0.0017209996
0.0017271598
0.0000982290
0.0001022127
0.0017333201
0.0017312667
0.0017271598
0.0017209996
0.0017127860
0.0017025190
0.0016901985
0.0016758247
0.0016593975
0.0016409168
0.0016203828
0.0015977953
0.0015731545
0.0015464602
0.0015177125
0.0014869115
0.0014540570
0.0014191491
0.0013821878
0.0013431731
0.0013021050
0.0012589835
0.0012138086
0.0011665803
0.0011172985
0.0010659634
0.0010125749
0.0009571330
0.0008996376
0.0001046428
0.0000000000
0.0000000000
0.0001034563
0.0008195548
0.0008811570
0.0009407057
0.0009982011
0.0010536430
0.0011070315
0.0011583666
0.0012076484
0.0012548767
0.0013000516
0.0013431731
0.0013842412
0.0014232559
0.0014602172
0.0014951251
0.0015279796
0.0015587806
0.0015875283
0.0016142226
0.0016388634
0.0016614509
0.0016819849
0.0017004656
0.0017168928
0.0017312667
0.0017435871
0.0017538541
0.0017620677
0.0017682279
0.0001006910
0.0001046747
0.0017743882
0.0017723348
0.0017682279
0.0017620677
0.0017538541
0.0017435871
0.0017312667
0.0017168928
0.0017004656
0.0016819849
0.0016614509
0.0016388634
0.0016142226
0.0015875283
0.0015587806
0.0015279796
0.0014951251
0.0014602172
0.0014232559
0.0013842412
0.0013431731
0.0013000516
0.0012548767
0.0012076484
0.0011583666
0.0011070315
0.0010536430
0.0009982011
0.0009407057
0.0001071048
0.0000000000
0.0000000000
0.0001057952
0.0008585695
0.0009201717
0.0009797204
0.0010372157
0.0010926577
0.0011460462
0.0011973813
0.0012466631
0.0012938914
0.0013390663
0.0013821878
0.0014232559
0.0014622706
0.0014992319
0.0015341398
0.0015669942
0.0015977953
0.0016265430
0.0016532373
0.0016778781
0.0017004656
0.0017209996
0.0017394803
0.0017559075
0.0017702813
0.0017826018
0.0017928688
0.0018010824
0.0018072426
0.0001030299
0.0001070136
0.0018134029
0.0018113494
0.0018072426
0.0018010824
0.0017928688
0.0017826018
0.0017702813
0.0017559075
0.0017394803
0.0017209996
0.0017004656
0.0016778781
0.0016532373
0.0016265430
0.0015977953
0.0015669942
0.0015341398
0.0014992319
0.0014622706
0.0014232559
0.0013821878
0.0013390663
0.0012938914
0.0012466631
0.0011973813
0.0011460462
0.0010926577
0.0010372157
0.0009797204
0.0001094437
0.0000000000
0.0000000000
0.0001080110
0.0008955308
0.0009571330
0.0010166817
0.0010741770
0.0011296190
0.0011830075
0.0012343426
0.0012836244
0.0013308527
0.0013760276
0.0014191491
0.0014602172
0.0014992319
0.0015361932
0.0015711011
0.0016039555
0.0016347566
0.0016635043
0.0016901985
0.0017148394
0.0017374269
0.0017579609
0.0017764416
0.0017928688
0.0018072426
0.0018195631
0.0018298301
0.0018380437
0.0018442039
0.0001052457
0.0001092294
0.0018503641
0.0018483107
0.0018442039
0.0018380437
0.0018298301
0.0018195631
0.0018072426
0.0017928688
0.0017764416
0.0017579609
0.0017374269
0.0017148394
0.0016901985
0.0016635043
0.0016347566
0.0016039555
0.0015711011
0.0015361932
0.0014992319
0.0014602172
0.0014191491
0.0013760276
0.0013308527
0.0012836244
0.0012343426
0.0011830075
0.0011296190
0.0010741770
0.0010166817
0.0001116595
0.0000000000
0.0000000000
0.0001101037
0.0009304387
0.0009920408
0.0010515896
0.0011090849
0.0011645269
0.0012179154
0.0012692505
0.0013185322
0.0013657606
0.0014109355
0.0014540570
0.0014951251
0.0015341398
0.0015711011
0.0016060089
0.0016388634
0.0016696645
0.0016984122
0.0017251064
0.0017497473
0.0017723348
0.0017928688
0.0018113494
0.0018277767
0.0018421505
0.0018544710
0.0018647380
0.0018729516
0.0018791118
0.0001073384
0.0001113221
0.0018852720
0.0018832186
0.0018791118
0.0018729516
0.0018647380
0.0018544710
0.0018421505
0.0018277767
0.0018113494
0.0017928688
0.0017723348
0.0017497473
0.0017251064
0.0016984122
0.0016696645
0.0016388634
0.0016060089
0.0015711011
0.0015341398
0.0014951251
0.0014540570
0.0014109355
0.0013657606
0.0013185322
0.0012692505
0.0012179154
0.0011645269
0.0011090849
0.0010515896
0.0001137523
0.0000000000
0.0000000000
0.0001120733
0.0009632932
0.0010248953
0.0010844441
0.0011419394
0.0011973813
0.0012507699
0.0013021050
0.0013513867
0.0013986150
0.0014437899
0.0014869115
0.0015279796
0.0015669942
0.0016039555
0.0016388634
0.0016717179
0.0017025190
0.0017312667
0.0017579609
0.0017826018
0.0018051892
0.0018257233
0.0018442039
0.0018606312
0.0018750050
0.0018873254
0.0018975925
0.0019058061
0.0019119663
0.0001093080
0.0001132917
0.0019181265
0.0019160731
0.0019119663
0.0019058061
0.0018975925
0.0018873254
0.0018750050
0.0018606312
0.0018442039
0.0018257233
0.0018051892
0.0017826018
0.0017579609
0.0017312667
0.0017025190
0.0016717179
0.0016388634
0.0016039555
0.0015669942
0.0015279796
0.0014869115
0.0014437899
0.0013986150
0.0013513867
0.0013021050
0.0012507699
0.0011973813
0.0011419394
0.0010844441
0.0001157219
0.0000000000
0.0000000000
0.0001139199
0.0009940942
0.0010556964
0.0011152451
0.0011727405
0.0012281824
0.0012815709
0.0013329061
0.0013821878
0.0014294161
0.0014745910
0.0015177125
0.0015587806
0.0015977953
0.0016347566
0.0016696645
0.0017025190
0.0017333201
0.0017620677
0.0017887620
0.0018134029
0.0018359903
0.0018565244
0.0018750050
0.0018914322
0.0019058061
0.0019181265
0.0019283935
0.0019366072
0.0019427674
0.0001111545
0.0001151382
0.0019489276
0.0019468742
0.0019427674
0.0019366072
0.0019283935
0.0019181265
0.0019058061
0.0018914322
0.0018750050
0.0018565244
0.0018359903
0.0018134029
0.0017887620
0.0017620677
0.0017333201
0.0017025190
0.0016696645
0.0016347566
0.0015977953
0.0015587806
0.0015177125
0.0014745910
0.0014294161
0.0013821878
0.0013329061
0.0012815709
0.0012281824
0.0011727405
0.0011152451
0.0001175684
0.0000000000
0.0000000000
0.0001156433
0.0010228419
0.0010844441
0.0011439928
0.0012014882
0.0012569301
0.0013103186
0.0013616537
0.0014109355
0.0014581638
0.0015033387
0.0015464602
0.0015875283
0.0016265430
0.0016635043
0.0016984122
0.0017312667
0.0017620677
0.0017908154
0.0018175097
0.0018421505
0.0018647380
0.0018852720
0.0019037527
0.0019201799
0.0019345537
0.0019468742
0.0019571412
0.0019653548
0.0019715150
0.0001128779
0.0001168617
0.0019776753
0.0019756219
0.0019715150
0.0019653548
0.0019571412
0.0019468742
0.0019345537
0.0019201799
0.0019037527
0.0018852720
0.0018647380
0.0018421505
0.0018175097
0.0017908154
0.0017620677
0.0017312667
0.0016984122
0.0016635043
0.0016265430
0.0015875283
0.0015464602
0.0015033387
0.0014581638
0.0014109355
0.0013616537
0.0013103186
0.0012569301
0.0012014882
0.0011439928
0.0001192918
0.0000000000
0.0000000000
0.0001172436
0.0010495362
0.0011111383
0.0011706871
0.0012281824
0.0012836244
0.0013370129
0.0013883480
0.0014376297
0.0014848580
0.0015300330
0.0015731545
0.0016142226
0.0016532373
0.0016901985
0.0017251064
0.0017579609
0.0017887620
0.0018175097
0.0018442039
0.0018688448
0.0018914322
0.0019119663
0.0019304469
0.0019468742
0.0019612480
0.0019735684
0.0019838355
0.0019920491
0.0019982093
0.0001144782
0.0001184620
0.0020043695
0.0020023161
0.0019982093
0.0019920491
0.0019838355
0.0019735684
0.0019612480
0.0019468742
0.0019304469
0.0019119663
0.0018914322
0.0018688448
0.0018442039
0.0018175097
0.0017887620
0.0017579609
0.0017251064
0.0016901985
0.0016532373
0.0016142226
0.0015731545
0.0015300330
0.0014848580
0.0014376297
0.0013883480
0.0013370129
0.0012836244
0.0012281824
0.0011706871
0.0001208921
0.0000000000
0.0000000000
0.0001187208
0.0010741770
0.0011357792
0.0011953279
0.0012528233
0.0013082652
0.0013616537
0.0014129889
0.0014622706
0.0015094989
0.0015546738
0.0015977953
0.0016388634
0.0016778781
0.0017148394
0.0017497473
0.0017826018
0.0018134029
0.0018421505
0.0018688448
0.0018934856
0.0019160731
0.0019366072
0.0019550878
0.0019715150
0.0019858889
0.0019982093
0.0020084763
0.0020166900
0.0020228502
0.0001159555
0.0001199392
0.0020290104
0.0020269570
0.0020228502
0.0020166900
0.0020084763
0.0019982093
0.0019858889
0.0019715150
0.0019550878
0.0019366072
0.0019160731
0.0018934856
0.0018688448
0.0018421505
0.0018134029
0.0017826018
0.0017497473
0.0017148394
0.0016778781
0.0016388634
0.0015977953
0.0015546738
0.0015094989
0.0014622706
0.0014129889
0.0013616537
0.0013082652
0.0012528233
0.0011953279
0.0001223693
0.0000000000
0.0000000000
0.0001200749
0.0010967645
0.0011583666
0.0012179154
0.0012754107
0.0013308527
0.0013842412
0.0014355763
0.0014848580
0.0015320864
0.0015772613
0.0016203828
0.0016614509
0.0017004656
0.0017374269
0.0017723348
0.0018051892
0.0018359903
0.0018647380
0.0018914322
0.0019160731
0.0019386606
0.0019591946
0.0019776753
0.0019941025
0.0020084763
0.0020207968
0.0020310638
0.0020392774
0.0020454376
0.0001173096
0.0001212933
0.0020515978
0.0020495444
0.0020454376
0.0020392774
0.0020310638
0.0020207968
0.0020084763
0.0019941025
0.0019776753
0.0019591946
0.0019386606
0.0019160731
0.0018914322
0.0018647380
0.0018359903
0.0018051892
0.0017723348
0.0017374269
0.0017004656
0.0016614509
0.0016203828
0.0015772613
0.0015320864
0.0014848580
0.0014355763
0.0013842412
0.0013308527
0.0012754107
0.0012179154
0.0001237234
0.0000000000
0.0000000000
0.0001213059
0.0011172985
0.0011789007
0.0012384494
0.0012959448
0.0013513867
0.0014047752
0.0014561104
0.0015053921
0.0015526204
0.0015977953
0.0016409168
0.0016819849
0.0017209996
0.0017579609
0.0017928688
0.0018257233
0.0018565244
0.0018852720
0.0019119663
0.0019366072
0.0019591946
0.0019797287
0.0019982093
0.0020146365
0.0020290104
0.0020413308
0.0020515978
0.0020598115
0.0020659717
0.0001185406
0.0001225243
0.0020721319
0.0020700785
0.0020659717
0.0020598115
0.0020515978
0.0020413308
0.0020290104
0.0020146365
0.0019982093
0.0019797287
0.0019591946
0.0019366072
0.0019119663
0.0018852720
0.0018565244
0.0018257233
0.0017928688
0.0017579609
0.0017209996
0.0016819849
0.0016409168
0.0015977953
0.0015526204
0.0015053921
0.0014561104
0.0014047752
0.0013513867
0.0012959448
0.0012384494
0.0001249544
0.0000000000
0.0000000000
0.0001224138
0.0011357792
0.0011973813
0.0012569301
0.0013144254
0.0013698674
0.0014232559
0.0014745910
0.0015238727
0.0015711011
0.0016162760
0.0016593975
0.0017004656
0.0017394803
0.0017764416
0.0018113494
0.0018442039
0.0018750050
0.0019037527
0.0019304469
0.0019550878
0.0019776753
0.0019982093
0.0020166900
0.0020331172
0.0020474910
0.0020598115
0.0020700785
0.0020782921
0.0020844523
0.0001196485
0.0001236322
0.0020906125
0.0020885591
0.0020844523
0.0020782921
0.0020700785
0.0020598115
0.0020474910
0.0020331172
0.0020166900
0.0019982093
0.0019776753
0.0019550878
0.0019304469
0.0019037527
0.0018750050
0.0018442039
0.0018113494
0.0017764416
0.0017394803
0.0017004656
0.0016593975
0.0016162760
0.0015711011
0.0015238727
0.0014745910
0.0014232559
0.0013698674
0.0013144254
0.0012569301
0.0001260623
0.0000000000
0.0000000000
0.0001233986
0.0011522064
0.0012138086
0.0012733573
0.0013308527
0.0013862946
0.0014396831
0.0014910183
0.0015403000
0.0015875283
0.0016327032
0.0016758247
0.0017168928
0.0017559075
0.0017928688
0.0018277767
0.0018606312
0.0018914322
0.0019201799
0.0019468742
0.0019715150
0.0019941025
0.0020146365
0.0020331172
0.0020495444
0.0020639183
0.0020762387
0.0020865057
0.0020947193
0.0021008796
0.0001206333
0.0001246170
0.0021070398
0.0021049864
0.0021008796
0.0020947193
0.0020865057
0.0020762387
0.0020639183
0.0020495444
0.0020331172
0.0020146365
0.0019941025
0.0019715150
0.0019468742
0.0019201799
0.0018914322
0.0018606312
0.0018277767
0.0017928688
0.0017559075
0.0017168928
0.0016758247
0.0016327032
0.0015875283
0.0015403000
0.0014910183
0.0014396831
0.0013862946
0.0013308527
0.0012733573
0.0001270471
0.0000000000
0.0000000000
0.0001242603
0.0011665803
0.0012281824
0.0012877312
0.0013452265
0.0014006684
0.0014540570
0.0015053921
0.0015546738
0.0016019021
0.0016470770
0.0016901985
0.0017312667
0.0017702813
0.0018072426
0.0018421505
0.0018750050
0.0019058061
0.0019345537
0.0019612480
0.0019858889
0.0020084763
0.0020290104
0.0020474910
0.0020639183
0.0020782921
0.0020906125
0.0021008796
0.0021090932
0.0021152534
0.0001214950
0.0001254787
0.0021214136
0.0021193602
0.0021152534
0.0021090932
0.0021008796
0.0020906125
0.0020782921
0.0020639183
0.0020474910
0.0020290104
0.0020084763
0.0019858889
0.0019612480
0.0019345537
0.0019058061
0.0018750050
0.0018421505
0.0018072426
0.0017702813
0.0017312667
0.0016901985
0.0016470770
0.0016019021
0.0015546738
0.0015053921
0.0014540570
0.0014006684
0.0013452265
0.0012877312
0.0001279088
0.0000000000
0.0000000000
0.0001249989
0.0011789007
0.0012405028
0.0013000516
0.0013575469
0.0014129889
0.0014663774
0.0015177125
0.0015669942
0.0016142226
0.0016593975
0.0017025190
0.0017435871
0.0017826018
0.0018195631
0.0018544710
0.0018873254
0.0019181265
0.0019468742
0.0019735684
0.0019982093
0.0020207968
0.0020413308
0.0020598115
0.0020762387
0.0020906125
0.0021029330
0.0021132000
0.0021214136
0.0021275738
0.0001222336
0.0001262173
0.0021337340
0.0021316806
0.0021275738
0.0021214136
0.0021132000
0.0021029330
0.0020906125
0.0020762387
0.0020598115
0.0020413308
0.0020207968
0.0019982093
0.0019735684
0.0019468742
0.0019181265
0.0018873254
0.0018544710
0.0018195631
0.0017826018
0.0017435871
0.0017025190
0.0016593975
0.0016142226
0.0015669942
0.0015177125
0.0014663774
0.0014129889
0.0013575469
0.0013000516
0.0001286474
0.0000000000
0.0000000000
0.0001256144
0.0011891677
0.0012507699
0.0013103186
0.0013678140
0.0014232559
0.0014766444
0.0015279796
0.0015772613
0.0016244896
0.0016696645
0.0017127860
0.0017538541
0.0017928688
0.0018298301
0.0018647380
0.0018975925
0.0019283935
0.0019571412
0.0019838355
0.0020084763
0.0020310638
0.0020515978
0.0020700785
0.0020865057
0.0021008796
0.0021132000
0.0021234670
0.0021316806
0.0021378408
0.0001228491
0.0001268328
0.0021440011
0.0021419477
0.0021378408
0.0021316806
0.0021234670
0.0021132000
0.0021008796
0.0020865057
0.0020700785
0.0020515978
0.0020310638
0.0020084763
0.0019838355
0.0019571412
0.0019283935
0.0018975925
0.0018647380
0.0018298301
0.0017928688
0.0017538541
0.0017127860
0.0016696645
0.0016244896
0.0015772613
0.0015279796
0.0014766444
0.0014232559
0.0013678140
0.0013103186
0.0001292629
0.0000000000
0.0000000000
0.0001261068
0.0011973813
0.0012589835
0.0013185322
0.0013760276
0.0014314695
0.0014848580
0.0015361932
0.0015854749
0.0016327032
0.0016778781
0.0017209996
0.0017620677
0.0018010824
0.0018380437
0.0018729516
0.0019058061
0.0019366072
0.0019653548
0.0019920491
0.0020166900
0.0020392774
0.0020598115
0.0020782921
0.0020947193
0.0021090932
0.0021214136
0.0021316806
0.0021398943
0.0021460545
0.0001233415
0.0001273252
0.0021522147
0.0021501613
0.0021460545
0.0021398943
0.0021316806
0.0021214136
0.0021090932
0.0020947193
0.0020782921
0.0020598115
0.0020392774
0.0020166900
0.0019920491
0.0019653548
0.0019366072
0.0019058061
0.0018729516
0.0018380437
0.0018010824
0.0017620677
0.0017209996
0.0016778781
0.0016327032
0.0015854749
0.0015361932
0.0014848580
0.0014314695
0.0013760276
0.0013185322
0.0001297553
0.0000000000
0.0000000000
0.0001264761
0.0012035416
0.0012651437
0.0013246925
0.0013821878
0.0014376297
0.0014910183
0.0015423534
0.0015916351
0.0016388634
0.0016840383
0.0017271598
0.0017682279
0.0018072426
0.0018442039
0.0018791118
0.0019119663
0.0019427674
0.0019715150
0.0019982093
0.0020228502
0.0020454376
0.0020659717
0.0020844523
0.0021008796
0.0021152534
0.0021275738
0.0021378408
0.0021460545
0.0021522147
0.0001237108
0.0001276945
0.0021583749
0.0021563215
0.0021522147
0.0021460545
0.0021378408
0.0021275738
0.0021152534
0.0021008796
0.0020844523
0.0020659717
0.0020454376
0.0020228502
0.0019982093
0.0019715150
0.0019427674
0.0019119663
0.0018791118
0.0018442039
0.0018072426
0.0017682279
0.0017271598
0.0016840383
0.0016388634
0.0015916351
0.0015423534
0.0014910183
0.0014376297
0.0013821878
0.0013246925
0.0001301246
0.0000000000
0.0000000000
-0.0009542483
0.0000668384
0.0000705314
0.0000741013
0.0000775481
0.0000808718
0.0000840724
0.0000871499
0.0000901044
0.0000929357
0.0000956439
0.0000982290
0.0001006910
0.0001030299
0.0001052457
0.0001073384
0.0001093080
0.0001111545
0.0001128779
0.0001144782
0.0001159555
0.0001173096
0.0001185406
0.0001196485
0.0001206333
0.0001214950
0.0001222336
0.0001228491
0.0001233415
0.0001237108
-0.0019125143
-0.0019104609
0.0001240801
0.0001239570
0.0001237108
0.0001233415
0.0001228491
0.0001222336
0.0001214950
0.0001206333
0.0001196485
0.0001185406
0.0001173096
0.0001159555
0.0001144782
0.0001128779
0.0001111545
0.0001093080
0.0001073384
0.0001052457
0.0001030299
0.0001006910
0.0000982290
0.0000956439
0.0000929357
0.0000901044
0.0000871499
0.0000840724
0.0000808718
0.0000775481
0.0000741013
-0.0010683483
0.0000000000
0.0000000000
-0.0009521949
0.0000708221
0.0000745151
0.0000780850
0.0000815318
0.0000848555
0.0000880561
0.0000911337
0.0000940881
0.0000969194
0.0000996276
0.0001022127
0.0001046747
0.0001070136
0.0001092294
0.0001113221
0.0001132917
0.0001151382
0.0001168617
0.0001184620
0.0001199392
0.0001212933
0.0001225243
0.0001236322
0.0001246170
0.0001254787
0.0001262173
0.0001268328
0.0001273252
0.0001276945
-0.0039469323
-0.0039468092
0.0001280638
0.0001279407
0.0001276945
0.0001273252
0.0001268328
0.0001262173
0.0001254787
0.0001246170
0.0001236322
0.0001225243
0.0001212933
0.0001199392
0.0001184620
0.0001168617
0.0001151382
0.0001132917
0.0001113221
0.0001092294
0.0001070136
0.0001046747
0.0001022127
0.0000996276
0.0000969194
0.0000940881
0.0000911337
0.0000880561
0.0000848555
0.0000815318
0.0000780850
-0.0010662949
0.0000000000
0.0000000000
0.0001268454
0.0012097018
0.0012713039
0.0013308527
0.0013883480
0.0014437899
0.0014971785
0.0015485136
0.0015977953
0.0016450236
0.0016901985
0.0017333201
0.0017743882
0.0018134029
0.0018503641
0.0018852720
0.0019181265
0.0019489276
0.0019776753
0.0020043695
0.0020290104
0.0020515978
0.0020721319
0.0020906125
0.0021070398
0.0021214136
0.0021337340
0.0021440011
0.0021522147
0.0021583749
0.0001240801
0.0001280638
0.0021645351
0.0021624817
0.0021583749
0.0021522147
0.0021440011
0.0021337340
0.0021214136
0.0021070398
0.0020906125
0.0020721319
0.0020515978
0.0020290104
0.0020043695
0.0019776753
0.0019489276
0.0019181265
0.0018852720
0.0018503641
0.0018134029
0.0017743882
0.0017333201
0.0016901985
0.0016450236
0.0015977953
0.0015485136
0.0014971785
0.0014437899
0.0013883480
0.0013308527
0.0001304939
0.0000000000
0.0000000000
0.0001267223
0.0012076484
0.0012692505
0.0013287993
0.0013862946
0.0014417365
0.0014951251
0.0015464602
0.0015957419
0.0016429702
0.0016881451
0.0017312667
0.0017723348
0.0018113494
0.0018483107
0.0018832186
0.0019160731
0.0019468742
0.0019756219
0.0020023161
0.0020269570
0.0020495444
0.0020700785
0.0020885591
0.0021049864
0.0021193602
0.0021316806
0.0021419477
0.0021501613
0.0021563215
0.0001239570
0.0001279407
0.0021624817
0.0021604283
0.0021563215
0.0021501613
0.0021419477
0.0021316806
0.0021193602
0.0021049864
0.0020885591
0.0020700785
0.0020495444
0.0020269570
0.0020023161
0.0019756219
0.0019468742
0.0019160731
0.0018832186
0.0018483107
0.0018113494
0.0017723348
0.0017312667
0.0016881451
0.0016429702
0.0015957419
0.0015464602
0.0014951251
0.0014417365
0.0013862946
0.0013287993
0.0001303708
0.0000000000
0.0000000000
0.0001264761
0.0012035416
0.0012651437
0.0013246925
0.0013821878
0.0014376297
0.0014910183
0.0015423534
0.0015916351
0.0016388634
0.0016840383
0.0017271598
0.0017682279
0.0018072426
0.0018442039
0.0018791118
0.0019119663
0.0019427674
0.0019715150
0.0019982093
0.0020228502
0.0020454376
0.0020659717
0.0020844523
0.0021008796
0.0021152534
0.0021275738
0.0021378408
0.0021460545
0.0021522147
0.0001237108
0.0001276945
0.0021583749
0.0021563215
0.0021522147
0.0021460545
0.0021378408
0.0021275738
0.0021152534
0.0021008796
0.0020844523
0.0020659717
0.0020454376
0.0020228502
0.0019982093
0.0019715150
0.0019427674
0.0019119663
0.0018791118
0.0018442039
0.0018072426
0.0017682279
0.0017271598
0.0016840383
0.0016388634
0.0015916351
0.0015423534
0.0014910183
0.0014376297
0.0013821878
0.0013246925
0.0001301246
0.0000000000
0.0000000000
0.0001261068
0.0011973813
0.0012589835
0.0013185322
0.0013760276
0.0014314695
0.0014848580
0.0015361932
0.0015854749
0.0016327032
0.0016778781
0.0017209996
0.0017620677
0.0018010824
0.0018380437
0.0018729516
0.0019058061
0.0019366072
0.0019653548
0.0019920491
0.0020166900
0.0020392774
0.0020598115
0.0020782921
0.0020947193
0.0021090932
0.0021214136
0.0021316806
0.0021398943
0.0021460545
0.0001233415
0.0001273252
0.0021522147
0.0021501613
0.0021460545
0.0021398943
0.0021316806
0.0021214136
0.0021090932
0.0020947193
0.0020782921
0.0020598115
0.0020392774
0.0020166900
0.0019920491
0.0019653548
0.0019366072
0.0019058061
0.0018729516
0.0018380437
0.0018010824
0.0017620677
0.0017209996
0.0016778781
0.0016327032
0.0015854749
0.0015361932
0.0014848580
0.0014314695
0.0013760276
0.0013185322
0.0001297553
0.0000000000
0.0000000000
0.0001256144
0.0011891677
0.0012507699
0.0013103186
0.0013678140
0.0014232559
0.0014766444
0.0015279796
0.0015772613
0.0016244896
0.0016696645
0.0017127860
0.0017538541
0.0017928688
0.0018298301
0.0018647380
0.0018975925
0.0019283935
0.0019571412
0.0019838355
0.0020084763
0.0020310638
0.0020515978
0.0020700785
0.0020865057
0.0021008796
0.0021132000
0.0021234670
0.0021316806
0.0021378408
0.0001228491
0.0001268328
0.0021440011
0.0021419477
0.0021378408
0.0021316806
0.0021234670
0.0021132000
0.0021008796
0.0020865057
0.0020700785
0.0020515978
0.0020310638
0.0020084763
0.0019838355
0.0019571412
0.0019283935
0.0018975925
0.0018647380
0.0018298301
0.0017928688
0.0017538541
0.0017127860
0.0016696645
0.0016244896
0.0015772613
0.0015279796
0.0014766444
0.0014232559
0.0013678140
0.0013103186
0.0001292629
0.0000000000
0.0000000000
0.0001249989
0.0011789007
0.0012405028
0.0013000516
0.0013575469
0.0014129889
0.0014663774
0.0015177125
0.0015669942
0.0016142226
0.0016593975
0.0017025190
0.0017435871
0.0017826018
0.0018195631
0.0018544710
0.0018873254
0.0019181265
0.0019468742
0.0019735684
0.0019982093
0.0020207968
0.0020413308
0.0020598115
0.0020762387
0.0020906125
0.0021029330
0.0021132000
0.0021214136
0.0021275738
0.0001222336
0.0001262173
0.0021337340
0.0021316806
0.0021275738
0.0021214136
0.0021132000
0.0021029330
0.0020906125
0.0020762387
0.0020598115
0.0020413308
0.0020207968
0.0019982093
0.0019735684
0.0019468742
0.0019181265
0.0018873254
0.0018544710
0.0018195631
0.0017826018
0.0017435871
0.0017025190
0.0016593975
0.0016142226
0.0015669942
0.0015177125
0.0014663774
0.0014129889
0.0013575469
0.0013000516
0.0001286474
0.0000000000
0.0000000000
0.0001242603
0.0011665803
0.0012281824
0.0012877312
0.0013452265
0.0014006684
0.0014540570
0.0015053921
0.0015546738
0.0016019021
0.0016470770
0.0016901985
0.0017312667
0.0017702813
0.0018072426
0.0018421505
0.0018750050
0.0019058061
0.0019345537
0.0019612480
0.0019858889
0.0020084763
0.0020290104
0.0020474910
0.0020639183
0.0020782921
0.0020906125
0.0021008796
0.0021090932
0.0021152534
0.0001214950
0.0001254787
0.0021214136
0.0021193602
0.0021152534
0.0021090932
0.0021008796
0.0020906125
0.0020782921
0.0020639183
0.0020474910
0.0020290104
0.0020084763
0.0019858889
0.0019612480
0.0019345537
0.0019058061
0.0018750050
0.0018421505
0.0018072426
0.0017702813
0.0017312667
0.0016901985
0.0016470770
0.0016019021
0.0015546738
0.0015053921
0.0014540570
0.0014006684
0.0013452265
0.0012877312
0.0001279088
0.0000000000
0.0000000000
0.0001233986
0.0011522064
0.0012138086
0.0012733573
0.0013308527
0.0013862946
0.0014396831
0.0014910183
0.0015403000
0.0015875283
0.0016327032
0.0016758247
0.0017168928
0.0017559075
0.0017928688
0.0018277767
0.0018606312
0.0018914322
0.0019201799
0.0019468742
0.0019715150
0.0019941025
0.0020146365
0.0020331172
0.0020495444
0.0020639183
0.0020762387
0.0020865057
0.0020947193
0.0021008796
0.0001206333
0.0001246170
0.0021070398
0.0021049864
0.0021008796
0.0020947193
0.0020865057
0.0020762387
0.0020639183
0.0020495444
0.0020331172
0.0020146365
0.0019941025
0.0019715150
0.0019468742
0.0019201799
0.0018914322
0.0018606312
0.0018277767
0.0017928688
0.0017559075
0.0017168928
0.0016758247
0.0016327032
0.0015875283
0.0015403000
0.0014910183
0.0014396831
0.0013862946
0.0013308527
0.0012733573
0.0001270471
0.0000000000
0.0000000000
0.0001224138
0.0011357792
0.0011973813
0.0012569301
0.0013144254
0.0013698674
0.0014232559
0.0014745910
0.0015238727
0.0015711011
0.0016162760
0.0016593975
0.0017004656
0.0017394803
0.0017764416
0.0018113494
0.0018442039
0.0018750050
0.0019037527
0.0019304469
0.0019550878
0.0019776753
0.0019982093
0.0020166900
0.0020331172
0.0020474910
0.0020598115
0.0020700785
0.0020782921
0.0020844523
0.0001196485
0.0001236322
0.0020906125
0.0020885591
0.0020844523
0.0020782921
0.0020700785
0.0020598115
0.0020474910
0.0020331172
0.0020166900
0.0019982093
0.0019776753
0.0019550878
0.0019304469
0.0019037527
0.0018750050
0.0018442039
0.0018113494
0.0017764416
0.0017394803
0.0017004656
0.0016593975
0.0016162760
0.0015711011
0.0015238727
0.0014745910
0.0014232559
0.0013698674
0.0013144254
0.0012569301
0.0001260623
0.0000000000
0.0000000000
0.0001213059
0.0011172985
0.0011789007
0.0012384494
0.0012959448
0.0013513867
0.0014047752
0.0014561104
0.0015053921
0.0015526204
0.0015977953
0.0016409168
0.0016819849
0.0017209996
0.0017579609
0.0017928688
0.0018257233
0.0018565244
0.0018852720
0.0019119663
0.0019366072
0.0019591946
0.0019797287
0.0019982093
0.0020146365
0.0020290104
0.0020413308
0.0020515978
0.0020598115
0.0020659717
0.0001185406
0.0001225243
0.0020721319
0.0020700785
0.0020659717
0.0020598115
0.0020515978
0.0020413308
0.0020290104
0.0020146365
0.0019982093
0.0019797287
0.0019591946
0.0019366072
0.0019119663
0.0018852720
0.0018565244
0.0018257233
0.0017928688
0.0017579609
0.0017209996
0.0016819849
0.0016409168
0.0015977953
0.0015526204
0.0015053921
0.0014561104
0.0014047752
0.0013513867
0.0012959448
0.0012384494
0.0001249544
0.0000000000
0.0000000000
0.0001200749
0.0010967645
0.0011583666
0.0012179154
0.0012754107
0.0013308527
0.0013842412
0.0014355763
0.0014848580
0.0015320864
0.0015772613
0.0016203828
0.0016614509
0.0017004656
0.0017374269
0.0017723348
0.0018051892
0.0018359903
0.0018647380
0.0018914322
0.0019160731
0.0019386606
0.0019591946
0.0019776753
0.0019941025
0.0020084763
0.0020207968
0.0020310638
0.0020392774
0.0020454376
0.0001173096
0.0001212933
0.0020515978
0.0020495444
0.0020454376
0.0020392774
0.0020310638
0.0020207968
0.0020084763
0.0019941025
0.0019776753
0.0019591946
0.0019386606
0.0019160731
0.0018914322
0.0018647380
0.0018359903
0.0018051892
0.0017723348
0.0017374269
0.0017004656
0.0016614509
0.0016203828
0.0015772613
0.0015320864
0.0014848580
0.0014355763
0.0013842412
0.0013308527
0.0012754107
0.0012179154
0.0001237234
0.0000000000
0.0000000000
0.0001187208
0.0010741770
0.0011357792
0.0011953279
0.0012528233
0.0013082652
0.0013616537
0.0014129889
0.0014622706
0.0015094989
0.0015546738
0.0015977953
0.0016388634
0.0016778781
0.0017148394
0.0017497473
0.0017826018
0.0018134029
0.0018421505
0.0018688448
0.0018934856
0.0019160731
0.0019366072
0.0019550878
0.0019715150
0.0019858889
0.0019982093
0.0020084763
0.0020166900
0.0020228502
0.0001159555
0.0001199392
0.0020290104
0.0020269570
0.0020228502
0.0020166900
0.0020084763
0.0019982093
0.0019858889
0.0019715150
0.0019550878
0.0019366072
0.0019160731
0.0018934856
0.0018688448
0.0018421505
0.0018134029
0.0017826018
0.0017497473
0.0017148394
0.0016778781
0.0016388634
0.0015977953
0.0015546738
0.0015094989
0.0014622706
0.0014129889
0.0013616537
0.0013082652
0.0012528233
0.0011953279
0.0001223693
0.0000000000
0.0000000000
0.0001172436
0.0010495362
0.0011111383
0.0011706871
0.0012281824
0.0012836244
0.0013370129
0.0013883480
0.0014376297
0.0014848580
0.0015300330
0.0015731545
0.0016142226
0.0016532373
0.0016901985
0.0017251064
0.0017579609
0.0017887620
0.0018175097
0.0018442039
0.0018688448
0.0018914322
0.0019119663
0.0019304469
0.0019468742
0.0019612480
0.0019735684
0.0019838355
0.0019920491
0.0019982093
0.0001144782
0.0001184620
0.0020043695
0.0020023161
0.0019982093
0.0019920491
0.0019838355
0.0019735684
0.0019612480
0.0019468742
0.0019304469
0.0019119663
0.0018914322
0.0018688448
0.0018442039
0.0018175097
0.0017887620
0.0017579609
0.0017251064
0.0016901985
0.0016532373
0.0016142226
0.0015731545
0.0015300330
0.0014848580
0.0014376297
0.0013883480
0.0013370129
0.0012836244
0.0012281824
0.0011706871
0.0001208921
0.0000000000
0.0000000000
0.0001156433
0.0010228419
0.0010844441
0.0011439928
0.0012014882
0.0012569301
0.0013103186
0.0013616537
0.0014109355
0.0014581638
0.0015033387
0.0015464602
0.0015875283
0.0016265430
0.0016635043
0.0016984122
0.0017312667
0.0017620677
0.0017908154
0.0018175097
0.0018421505
0.0018647380
0.0018852720
0.0019037527
0.0019201799
0.0019345537
0.0019468742
0.0019571412
0.0019653548
0.0019715150
0.0001128779
0.0001168617
0.0019776753
0.0019756219
0.0019715150
0.0019653548
0.0019571412
0.0019468742
0.0019345537
0.0019201799
0.0019037527
0.0018852720
0.0018647380
0.0018421505
0.0018175097
0.0017908154
0.0017620677
0.0017312667
0.0016984122
0.0016635043
0.0016265430
0.0015875283
0.0015464602
0.0015033387
0.0014581638
0.0014109355
0.0013616537
0.0013103186
0.0012569301
0.0012014882
0.0011439928
0.0001192918
0.0000000000
0.0000000000
0.0001139199
0.0009940942
0.0010556964
0.0011152451
0.0011727405
0.0012281824
0.0012815709
0.0013329061
0.0013821878
0.0014294161
0.0014745910
0.0015177125
0.0015587806
0.0015977953
0.0016347566
0.0016696645
0.0017025190
0.0017333201
0.0017620677
0.0017887620
0.0018134029
0.0018359903
0.0018565244
0.0018750050
0.0018914322
0.0019058061
0.0019181265
0.0019283935
0.0019366072
0.0019427674
0.0001111545
0.0001151382
0.0019489276
0.0019468742
0.0019427674
0.0019366072
0.0019283935
0.0019181265
0.0019058061
0.0018914322
0.0018750050
0.0018565244
0.0018359903
0.0018134029
0.0017887620
0.0017620677
0.0017333201
0.0017025190
0.0016696645
0.0016347566
0.0015977953
0.0015587806
0.0015177125
0.0014745910
0.0014294161
0.0013821878
0.0013329061
0.0012815709
0.0012281824
0.0011727405
0.0011152451
0.0001175684
0.0000000000
0.0000000000
0.0001120733
0.0009632932
0.0010248953
0.0010844441
0.0011419394
0.0011973813
0.0012507699
0.0013021050
0.0013513867
0.0013986150
0.0014437899
0.0014869115
0.0015279796
0.0015669942
0.0016039555
0.0016388634
0.0016717179
0.0017025190
0.0017312667
0.0017579609
0.0017826018
0.0018051892
0.0018257233
0.0018442039
0.0018606312
0.0018750050
0.0018873254
0.0018975925
0.0019058061
0.0019119663
0.0001093080
0.0001132917
0.0019181265
0.0019160731
0.0019119663
0.0019058061
0.0018975925
0.0018873254
0.0018750050
0.0018606312
0.0018442039
0.0018257233
0.0018051892
0.0017826018
0.0017579609
0.0017312667
0.0017025190
0.0016717179
0.0016388634
0.0016039555
0.0015669942
0.0015279796
0.0014869115
0.0014437899
0.0013986150
0.0013513867
0.0013021050
0.0012507699
0.0011973813
0.0011419394
0.0010844441
0.0001157219
0.0000000000
0.0000000000
0.0001101037
0.0009304387
0.0009920408
0.0010515896
0.0011090849
0.0011645269
0.0012179154
0.0012692505
0.0013185322
0.0013657606
0.0014109355
0.0014540570
0.0014951251
0.0015341398
0.0015711011
0.0016060089
0.0016388634
0.0016696645
0.0016984122
0.0017251064
0.0017497473
0.0017723348
0.0017928688
0.0018113494
0.0018277767
0.0018421505
0.0018544710
0.0018647380
0.0018729516
0.0018791118
0.0001073384
0.0001113221
0.0018852720
0.0018832186
0.0018791118
0.0018729516
0.0018647380
0.0018544710
0.0018421505
0.0018277767
0.0018113494
0.0017928688
0.0017723348
0.0017497473
0.0017251064
0.0016984122
0.0016696645
0.0016388634
0.0016060089
0.0015711011
0.0015341398
0.0014951251
0.0014540570
0.0014109355
0.0013657606
0.0013185322
0.0012692505
0.0012179154
0.0011645269
0.0011090849
0.0010515896
0.0001137523
0.0000000000
0.0000000000
0.0001080110
0.0008955308
0.0009571330
0.0010166817
0.0010741770
0.0011296190
0.0011830075
0.0012343426
0.0012836244
0.0013308527
0.0013760276
0.0014191491
0.0014602172
0.0014992319
0.0015361932
0.0015711011
0.0016039555
0.0016347566
0.0016635043
0.0016901985
0.0017148394
0.0017374269
0.0017579609
0.0017764416
0.0017928688
0.0018072426
0.0018195631
0.0018298301
0.0018380437
0.0018442039
0.0001052457
0.0001092294
0.0018503641
0.0018483107
0.0018442039
0.0018380437
0.0018298301
0.0018195631
0.0018072426
0.0017928688
0.0017764416
0.0017579609
0.0017374269
0.0017148394
0.0016901985
0.0016635043
0.0016347566
0.0016039555
0.0015711011
0.0015361932
0.0014992319
0.0014602172
0.0014191491
0.0013760276
0.0013308527
0.0012836244
0.0012343426
0.0011830075
0.0011296190
0.0010741770
0.0010166817
0.0001116595
0.0000000000
0.0000000000
0.0001057952
0.0008585695
0.0009201717
0.0009797204
0.0010372157
0.0010926577
0.0011460462
0.0011973813
0.0012466631
0.0012938914
0.0013390663
0.0013821878
0.0014232559
0.0014622706
0.0014992319
0.0015341398
0.0015669942
0.0015977953
0.0016265430
0.0016532373
0.0016778781
0.0017004656
0.0017209996
0.0017394803
0.0017559075
0.0017702813
0.0017826018
0.0017928688
0.0018010824
0.0018072426
0.0001030299
0.0001070136
0.0018134029
0.0018113494
0.0018072426
0.0018010824
0.0017928688
0.0017826018
0.0017702813
0.0017559075
0.0017394803
0.0017209996
0.0017004656
0.0016778781
0.0016532373
0.0016265430
0.0015977953
0.0015669942
0.0015341398
0.0014992319
0.0014622706
0.0014232559
0.0013821878
0.0013390663
0.0012938914
0.0012466631
0.0011973813
0.0011460462
0.0010926577
0.0010372157
0.0009797204
0.0001094437
0.0000000000
0.0000000000
0.0001034563
0.0008195548
0.0008811570
0.0009407057
0.0009982011
0.0010536430
0.0011070315
0.0011583666
0.0012076484
0.0012548767
0.0013000516
0.0013431731
0.0013842412
0.0014232559
0.0014602172
0.0014951251
0.0015279796
0.0015587806
0.0015875283
0.0016142226
0.0016388634
0.0016614509
0.0016819849
0.0017004656
0.0017168928
0.0017312667
0.0017435871
0.0017538541
0.0017620677
0.0017682279
0.0001006910
0.0001046747
0.0017743882
0.0017723348
0.0017682279
0.0017620677
0.0017538541
0.0017435871
0.0017312667
0.0017168928
0.0017004656
0.0016819849
0.0016614509
0.0016388634
0.0016142226
0.0015875283
0.0015587806
0.0015279796
0.0014951251
0.0014602172
0.0014232559
0.0013842412
0.0013431731
0.0013000516
0.0012548767
0.0012076484
0.0011583666
0.0011070315
0.0010536430
0.0009982011
0.0009407057
0.0001071048
0.0000000000
0.0000000000
0.0001009943
0.0007784867
0.0008400889
0.0008996376
0.0009571330
0.0010125749
0.0010659634
0.0011172985
0.0011665803
0.0012138086
0.0012589835
0.0013021050
0.0013431731
0.0013821878
0.0014191491
0.0014540570
0.0014869115
0.0015177125
0.0015464602
0.0015731545
0.0015977953
0.0016203828
0.0016409168
0.0016593975
0.0016758247
0.0016901985
0.0017025190
0.0017127860
0.0017209996
0.0017271598
0.0000982290
0.0001022127
0.0017333201
0.0017312667
0.0017271598
0.0017209996
0.0017127860
0.0017025190
0.0016901985
0.0016758247
0.0016593975
0.0016409168
0.0016203828
0.0015977953
0.0015731545
0.0015464602
0.0015177125
0.0014869115
0.0014540570
0.0014191491
0.0013821878
0.0013431731
0.0013021050
0.0012589835
0.0012138086
0.0011665803
0.0011172985
0.0010659634
0.0010125749
0.0009571330
0.0008996376
0.0001046428
0.0000000000
0.0000000000
0.0000984092
0.0007353652
0.0007969674
0.0008565161
0.0009140114
0.0009694534
0.0010228419
0.0010741770
0.0011234588
0.0011706871
0.0012158620
0.0012589835
0.0013000516
0.0013390663
0.0013760276
0.0014109355
0.0014437899
0.0014745910
0.0015033387
0.0015300330
0.0015546738
0.0015772613
0.0015977953
0.0016162760
0.0016327032
0.0016470770
0.0016593975
0.0016696645
0.0016778781
0.0016840383
0.0000956439
0.0000996276
0.0016901985
0.0016881451
0.0016840383
0.0016778781
0.0016696645
0.0016593975
0.0016470770
0.0016327032
0.0016162760
0.0015977953
0.0015772613
0.0015546738
0.0015300330
0.0015033387
0.0014745910
0.0014437899
0.0014109355
0.0013760276
0.0013390663
0.0013000516
0.0012589835
0.0012158620
0.0011706871
0.0011234588
0.0010741770
0.0010228419
0.0009694534
0.0009140114
0.0008565161
0.0001020577
0.0000000000
0.0000000000
0.0000957010
0.0006901903
0.0007517924
0.0008113412
0.0008688365
0.0009242785
0.0009776670
0.0010290021
0.0010782838
0.0011255122
0.0011706871
0.0012138086
0.0012548767
0.0012938914
0.0013308527
0.0013657606
0.0013986150
0.0014294161
0.0014581638
0.0014848580
0.0015094989
0.0015320864
0.0015526204
0.0015711011
0.0015875283
0.0016019021
0.0016142226
0.0016244896
0.0016327032
0.0016388634
0.0000929357
0.0000969194
0.0016450236
0.0016429702
0.0016388634
0.0016327032
0.0016244896
0.0016142226
0.0016019021
0.0015875283
0.0015711011
0.0015526204
0.0015320864
0.0015094989
0.0014848580
0.0014581638
0.0014294161
0.0013986150
0.0013657606
0.0013308527
0.0012938914
0.0012548767
0.0012138086
0.0011706871
0.0011255122
0.0010782838
0.0010290021
0.0009776670
0.0009242785
0.0008688365
0.0008113412
0.0000993495
0.0000000000
0.0000000000
0.0000928697
0.0006429620
0.0007045641
0.0007641129
0.0008216082
0.0008770502
0.0009304387
0.0009817738
0.0010310555
0.0010782838
0.0011234588
0.0011665803
0.0012076484
0.0012466631
0.0012836244
0.0013185322
0.0013513867
0.0013821878
0.0014109355
0.0014376297
0.0014622706
0.0014848580
0.0015053921
0.0015238727
0.0015403000
0.0015546738
0.0015669942
0.0015772613
0.0015854749
0.0015916351
0.0000901044
0.0000940881
0.0015977953
0.0015957419
0.0015916351
0.0015854749
0.0015772613
0.0015669942
0.0015546738
0.0015403000
0.0015238727
0.0015053921
0.0014848580
0.0014622706
0.0014376297
0.0014109355
0.0013821878
0.0013513867
0.0013185322
0.0012836244
0.0012466631
0.0012076484
0.0011665803
0.0011234588
0.0010782838
0.0010310555
0.0009817738
0.0009304387
0.0008770502
0.0008216082
0.0007641129
0.0000965182
0.0000000000
0.0000000000
0.0000899153
0.0005936803
0.0006552824
0.0007148312
0.0007723265
0.0008277684
0.0008811570
0.0009324921
0.0009817738
0.0010290021
0.0010741770
0.0011172985
0.0011583666
0.0011973813
0.0012343426
0.0012692505
0.0013021050
0.0013329061
0.0013616537
0.0013883480
0.0014129889
0.0014355763
0.0014561104
0.0014745910
0.0014910183
0.0015053921
0.0015177125
0.0015279796
0.0015361932
0.0015423534
0.0000871499
0.0000911337
0.0015485136
0.0015464602
0.0015423534
0.0015361932
0.0015279796
0.0015177125
0.0015053921
0.0014910183
0.0014745910
0.0014561104
0.0014355763
0.0014129889
0.0013883480
0.0013616537
0.0013329061
0.0013021050
0.0012692505
0.0012343426
0.0011973813
0.0011583666
0.0011172985
0.0010741770
0.0010290021
0.0009817738
0.0009324921
0.0008811570
0.0008277684
0.0007723265
0.0007148312
0.0000935638
0.0000000000
0.0000000000
0.0000868377
0.0005423451
0.0006039473
0.0006634960
0.0007209914
0.0007764333
0.0008298218
0.0008811570
0.0009304387
0.0009776670
0.0010228419
0.0010659634
0.0011070315
0.0011460462
0.0011830075
0.0012179154
0.0012507699
0.0012815709
0.0013103186
0.0013370129
0.0013616537
0.0013842412
0.0014047752
0.0014232559
0.0014396831
0.0014540570
0.0014663774
0.0014766444
0.0014848580
0.0014910183
0.0000840724
0.0000880561
0.0014971785
0.0014951251
0.0014910183
0.0014848580
0.0014766444
0.0014663774
0.0014540570
0.0014396831
0.0014232559
0.0014047752
0.0013842412
0.0013616537
0.0013370129
0.0013103186
0.0012815709
0.0012507699
0.0012179154
0.0011830075
0.0011460462
0.0011070315
0.0010659634
0.0010228419
0.0009776670
0.0009304387
0.0008811570
0.0008298218
0.0007764333
0.0007209914
0.0006634960
0.0000904863
0.0000000000
0.0000000000
0.0000836371
0.0004889566
0.0005505588
0.0006101075
0.0006676028
0.0007230448
0.0007764333
0.0008277684
0.0008770502
0.0009242785
0.0009694534
0.0010125749
0.0010536430
0.0010926577
0.0011296190
0.0011645269
0.0011973813
0.0012281824
0.0012569301
0.0012836244
0.0013082652
0.0013308527
0.0013513867
0.0013698674
0.0013862946
0.0014006684
0.0014129889
0.0014232559
0.0014314695
0.0014376297
0.0000808718
0.0000848555
0.0014437899
0.0014417365
0.0014376297
0.0014314695
0.0014232559
0.0014129889
0.0014006684
0.0013862946
0.0013698674
0.0013513867
0.0013308527
0.0013082652
0.0012836244
0.0012569301
0.0012281824
0.0011973813
0.0011645269
0.0011296190
0.0010926577
0.0010536430
0.0010125749
0.0009694534
0.0009242785
0.0008770502
0.0008277684
0.0007764333
0.0007230448
0.0006676028
0.0006101075
0.0000872857
0.0000000000
0.0000000000
0.0000803134
0.0004335147
0.0004951168
0.0005546656
0.0006121609
0.0006676028
0.0007209914
0.0007723265
0.0008216082
0.0008688365
0.0009140114
0.0009571330
0.0009982011
0.0010372157
0.0010741770
0.0011090849
0.0011419394
0.0011727405
0.0012014882
0.0012281824
0.0012528233
0.0012754107
0.0012959448
0.0013144254
0.0013308527
0.0013452265
0.0013575469
0.0013678140
0.0013760276
0.0013821878
0.0000775481
0.0000815318
0.0013883480
0.0013862946
0.0013821878
0.0013760276
0.0013678140
0.0013575469
0.0013452265
0.0013308527
0.0013144254
0.0012959448
0.0012754107
0.0012528233
0.0012281824
0.0012014882
0.0011727405
0.0011419394
0.0011090849
0.0010741770
0.0010372157
0.0009982011
0.0009571330
0.0009140114
0.0008688365
0.0008216082
0.0007723265
0.0007209914
0.0006676028
0.0006121609
0.0005546656
0.0000839619
0.0000000000
0.0000000000
0.0000768666
0.0003760193
0.0004376215
0.0004971702
0.0005546656
0.0006101075
0.0006634960
0.0007148312
0.0007641129
0.0008113412
0.0008565161
0.0008996376
0.0009407057
0.0009797204
0.0010166817
0.0010515896
0.0010844441
0.0011152451
0.0011439928
0.0011706871
0.0011953279
0.0012179154
0.0012384494
0.0012569301
0.0012733573
0.0012877312
0.0013000516
0.0013103186
0.0013185322
0.0013246925
0.0000741013
0.0000780850
0.0013308527
0.0013287993
0.0013246925
0.0013185322
0.0013103186
0.0013000516
0.0012877312
0.0012733573
0.0012569301
0.0012384494
0.0012179154
0.0011953279
0.0011706871
0.0011439928
0.0011152451
0.0010844441
0.0010515896
0.0010166817
0.0009797204
0.0009407057
0.0008996376
0.0008565161
0.0008113412
0.0007641129
0.0007148312
0.0006634960
0.0006101075
0.0005546656
0.0004971702
0.0000805151
0.0000000000
0.0000000000
-0.0001100822
0.0000732522
0.0000769452
0.0000805151
0.0000839619
0.0000872857
0.0000904863
0.0000935638
0.0000965182
0.0000993495
0.0001020577
0.0001046428
0.0001071048
0.0001094437
0.0001116595
0.0001137523
0.0001157219
0.0001175684
0.0001192918
0.0001208921
0.0001223693
0.0001237234
0.0001249544
0.0001260623
0.0001270471
0.0001279088
0.0001286474
0.0001292629
0.0001297553
0.0001301246
-0.0010683483
-0.0010662949
0.0001304939
0.0001303708
0.0001301246
0.0001297553
0.0001292629
0.0001286474
0.0001279088
0.0001270471
0.0001260623
0.0001249544
0.0001237234
0.0001223693
0.0001208921
0.0001192918
0.0001175684
0.0001157219
0.0001137523
0.0001116595
0.0001094437
0.0001071048
0.0001046428
0.0001020577
0.0000993495
0.0000965182
0.0000935638
0.0000904863
0.0000872857
0.0000839619
0.0000805151
-0.0002241823
0.0000000000
0.0000000000
0.0000000000
0.0000000000
0.0000000000
0.0000000000
0.0000000000
0.0000000000
0.0000000000
0.0000000000
0.0000000000
0.0000000000
0.0000000000
0.0000000000
0.0000000000
0.0000000000
0.0000000000
0.0000000000
0.0000000000
0.0000000000
0.0000000000
0.0000000000
0.0000000000
0.0000000000
0.0000000000
0.0000000000
0.0000000000
0.0000000000
0.0000000000
0.0000000000
0.0000000000
0.0000000000
0.0011967888
0.0011987191
0.0000000000
0.0000000000
0.0000000000
0.0000000000
0.0000000000
0.0000000000
0.0000000000
0.0000000000
0.0000000000
0.0000000000
0.0000000000
0.0000000000
0.0000000000
0.0000000000
0.0000000000
0.0000000000
0.0000000000
0.0000000000
0.0000000000
0.0000000000
0.0000000000
0.0000000000
0.0000000000
0.0000000000
0.0000000000
0.0000000000
0.0000000000
0.0000000000
0.0000000000
0.0000000000
0.0000000000
