PE 0 has coordinate [0, 0]
First q0 0.000115
DQ_sub 0.0000002837
DQ 0.0000002837
q0 0.000115
Tau 403.769883
 0.003363
0.000153
0.0000000000
0.0028952793
0.0057000811
0.0084144055
0.0110382523
0.0135716217
0.0160145136
0.0183669280
0.0206288650
0.0228003244
0.0248813064
0.0268718110
0.0287718380
0.0305813876
0.0323004596
0.0339290542
0.0354671714
0.0369148110
0.0382719732
0.0395386579
0.0407148651
0.0418005948
0.0427958471
0.0437006219
0.0445149192
0.0452387390
0.0458720813
0.0464149462
0.0468673336
0.0472292435
0.0475006759
0.0476816309
0.0477721084
0.0477721084
0.0476816309
0.0475006759
0.0472292435
0.0468673336
0.0464149462
0.0458720813
0.0452387390
0.0445149192
0.0437006219
0.0427958471
0.0418005948
0.0407148651
0.0395386579
0.0382719732
0.0369148110
0.0354671714
0.0339290542
0.0323004596
0.0305813876
0.0287718380
0.0268718110
0.0248813064
0.0228003244
0.0206288650
0.0183669280
0.0160145136
0.0135716217
0.0110382523
0.0084144055
0.0057000811
0.0028952793
0.0057905586
0.0085953604
0.0113096847
0.0139335316
0.0164669010
0.0189097929
0.0212622073
0.0235241443
0.0256956037
0.0277765857
0.0297670903
0.0316671173
0.0334766669
0.0351957389
0.0368243335
0.0383624507
0.0398100903
0.0411672525
0.0424339372
0.0436101444
0.0446958741
0.0456911264
0.0465959012
0.0474101985
0.0481340183
0.0487673606
0.0493102255
0.0497626129
0.0501245228
0.0503959552
0.0505769102
0.0506673877
0.0506673877
0.0505769102
0.0503959552
0.0501245228
0.0497626129
0.0493102255
0.0487673606
0.0481340183
0.0474101985
0.0465959012
0.0456911264
0.0446958741
0.0436101444
0.0424339372
0.0411672525
0.0398100903
0.0383624507
0.0368243335
0.0351957389
0.0334766669
0.0316671173
0.0297670903
0.0277765857
0.0256956037
0.0235241443
0.0212622073
0.0189097929
0.0164669010
0.0139335316
0.0113096847
0.0085953604
0.0057000811
0.0085953604
0.0114001622
0.0141144866
0.0167383334
0.0192717028
0.0217145947
0.0240670091
0.0263289461
0.0285004056
0.0305813876
0.0325718921
0.0344719191
0.0362814687
0.0380005407
0.0396291354
0.0411672525
0.0426148921
0.0439720543
0.0452387390
0.0464149462
0.0475006759
0.0484959282
0.0494007030
0.0502150003
0.0509388201
0.0515721624
0.0521150273
0.0525674147
0.0529293246
0.0532007570
0.0533817120
0.0534721895
0.0534721895
0.0533817120
0.0532007570
0.0529293246
0.0525674147
0.0521150273
0.0515721624
0.0509388201
0.0502150003
0.0494007030
0.0484959282
0.0475006759
0.0464149462
0.0452387390
0.0439720543
0.0426148921
0.0411672525
0.0396291354
0.0380005407
0.0362814687
0.0344719191
0.0325718921
0.0305813876
0.0285004056
0.0263289461
0.0240670091
0.0217145947
0.0192717028
0.0167383334
0.0141144866
0.0114001622
0.0084144055
0.0113096847
0.0141144866
0.0168288109
0.0194526578
0.0219860271
0.0244289191
0.0267813335
0.0290432704
0.0312147299
0.0332957119
0.0352862164
0.0371862434
0.0389957930
0.0407148651
0.0423434597
0.0438815768
0.0453292165
0.0466863786
0.0479530633
0.0491292705
0.0502150003
0.0512102525
0.0521150273
0.0529293246
0.0536531444
0.0542864868
0.0548293517
0.0552817390
0.0556436490
0.0559150814
0.0560960363
0.0561865138
0.0561865138
0.0560960363
0.0559150814
0.0556436490
0.0552817390
0.0548293517
0.0542864868
0.0536531444
0.0529293246
0.0521150273
0.0512102525
0.0502150003
0.0491292705
0.0479530633
0.0466863786
0.0453292165
0.0438815768
0.0423434597
0.0407148651
0.0389957930
0.0371862434
0.0352862164
0.0332957119
0.0312147299
0.0290432704
0.0267813335
0.0244289191
0.0219860271
0.0194526578
0.0168288109
0.0141144866
0.0110382523
0.0139335316
0.0167383334
0.0194526578
0.0220765046
0.0246098740
0.0270527659
0.0294051803
0.0316671173
0.0338385768
0.0359195588
0.0379100633
0.0398100903
0.0416196399
0.0433387119
0.0449673066
0.0465054237
0.0479530633
0.0493102255
0.0505769102
0.0517531174
0.0528388471
0.0538340994
0.0547388742
0.0555531715
0.0562769913
0.0569103336
0.0574531985
0.0579055859
0.0582674958
0.0585389282
0.0587198832
0.0588103607
0.0588103607
0.0587198832
0.0585389282
0.0582674958
0.0579055859
0.0574531985
0.0569103336
0.0562769913
0.0555531715
0.0547388742
0.0538340994
0.0528388471
0.0517531174
0.0505769102
0.0493102255
0.0479530633
0.0465054237
0.0449673066
0.0433387119
0.0416196399
0.0398100903
0.0379100633
0.0359195588
0.0338385768
0.0316671173
0.0294051803
0.0270527659
0.0246098740
0.0220765046
0.0194526578
0.0167383334
0.0135716217
0.0164669010
0.0192717028
0.0219860271
0.0246098740
0.0271432434
0.0295861353
0.0319385497
0.0342004867
0.0363719461
0.0384529281
0.0404434327
0.0423434597
0.0441530093
0.0458720813
0.0475006759
0.0490387931
0.0504864327
0.0518435949
0.0531102796
0.0542864868
0.0553722165
0.0563674688
0.0572722436
0.0580865409
0.0588103607
0.0594437030
0.0599865679
0.0604389553
0.0608008652
0.0610722976
0.0612532526
0.0613437301
0.0613437301
0.0612532526
0.0610722976
0.0608008652
0.0604389553
0.0599865679
0.0594437030
0.0588103607
0.0580865409
0.0572722436
0.0563674688
0.0553722165
0.0542864868
0.0531102796
0.0518435949
0.0504864327
0.0490387931
0.0475006759
0.0458720813
0.0441530093
0.0423434597
0.0404434327
0.0384529281
0.0363719461
0.0342004867
0.0319385497
0.0295861353
0.0271432434
0.0246098740
0.0219860271
0.0192717028
0.0160145136
0.0189097929
0.0217145947
0.0244289191
0.0270527659
0.0295861353
0.0320290272
0.0343814416
0.0366433786
0.0388148381
0.0408958200
0.0428863246
0.0447863516
0.0465959012
0.0483149732
0.0499435678
0.0514816850
0.0529293246
0.0542864868
0.0555531715
0.0567293787
0.0578151084
0.0588103607
0.0597151355
0.0605294328
0.0612532526
0.0618865949
0.0624294598
0.0628818472
0.0632437571
0.0635151895
0.0636961445
0.0637866220
0.0637866220
0.0636961445
0.0635151895
0.0632437571
0.0628818472
0.0624294598
0.0618865949
0.0612532526
0.0605294328
0.0597151355
0.0588103607
0.0578151084
0.0567293787
0.0555531715
0.0542864868
0.0529293246
0.0514816850
0.0499435678
0.0483149732
0.0465959012
0.0447863516
0.0428863246
0.0408958200
0.0388148381
0.0366433786
0.0343814416
0.0320290272
0.0295861353
0.0270527659
0.0244289191
0.0217145947
0.0183669280
0.0212622073
0.0240670091
0.0267813335
0.0294051803
0.0319385497
0.0343814416
0.0367338561
0.0389957930
0.0411672525
0.0432482345
0.0452387390
0.0471387660
0.0489483156
0.0506673877
0.0522959823
0.0538340994
0.0552817390
0.0566389012
0.0579055859
0.0590817931
0.0601675229
0.0611627751
0.0620675499
0.0628818472
0.0636056670
0.0642390094
0.0647818742
0.0652342616
0.0655961715
0.0658676040
0.0660485589
0.0661390364
0.0661390364
0.0660485589
0.0658676040
0.0655961715
0.0652342616
0.0647818742
0.0642390094
0.0636056670
0.0628818472
0.0620675499
0.0611627751
0.0601675229
0.0590817931
0.0579055859
0.0566389012
0.0552817390
0.0538340994
0.0522959823
0.0506673877
0.0489483156
0.0471387660
0.0452387390
0.0432482345
0.0411672525
0.0389957930
0.0367338561
0.0343814416
0.0319385497
0.0294051803
0.0267813335
0.0240670091
0.0206288650
0.0235241443
0.0263289461
0.0290432704
0.0316671173
0.0342004867
0.0366433786
0.0389957930
0.0412577300
0.0434291894
0.0455101714
0.0475006759
0.0494007030
0.0512102525
0.0529293246
0.0545579192
0.0560960363
0.0575436760
0.0589008382
0.0601675229
0.0613437301
0.0624294598
0.0634247121
0.0643294868
0.0651437841
0.0658676040
0.0665009463
0.0670438112
0.0674961986
0.0678581085
0.0681295409
0.0683104959
0.0684009733
0.0684009733
0.0683104959
0.0681295409
0.0678581085
0.0674961986
0.0670438112
0.0665009463
0.0658676040
0.0651437841
0.0643294868
0.0634247121
0.0624294598
0.0613437301
0.0601675229
0.0589008382
0.0575436760
0.0560960363
0.0545579192
0.0529293246
0.0512102525
0.0494007030
0.0475006759
0.0455101714
0.0434291894
0.0412577300
0.0389957930
0.0366433786
0.0342004867
0.0316671173
0.0290432704
0.0263289461
0.0228003244
0.0256956037
0.0285004056
0.0312147299
0.0338385768
0.0363719461
0.0388148381
0.0411672525
0.0434291894
0.0456006489
0.0476816309
0.0496721354
0.0515721624
0.0533817120
0.0551007841
0.0567293787
0.0582674958
0.0597151355
0.0610722976
0.0623389823
0.0635151895
0.0646009193
0.0655961715
0.0665009463
0.0673152436
0.0680390634
0.0686724058
0.0692152706
0.0696676580
0.0700295680
0.0703010004
0.0704819553
0.0705724328
0.0705724328
0.0704819553
0.0703010004
0.0700295680
0.0696676580
0.0692152706
0.0686724058
0.0680390634
0.0673152436
0.0665009463
0.0655961715
0.0646009193
0.0635151895
0.0623389823
0.0610722976
0.0597151355
0.0582674958
0.0567293787
0.0551007841
0.0533817120
0.0515721624
0.0496721354
0.0476816309
0.0456006489
0.0434291894
0.0411672525
0.0388148381
0.0363719461
0.0338385768
0.0312147299
0.0285004056
0.0248813064
0.0277765857
0.0305813876
0.0332957119
0.0359195588
0.0384529281
0.0408958200
0.0432482345
0.0455101714
0.0476816309
0.0497626129
0.0517531174
0.0536531444
0.0554626940
0.0571817661
0.0588103607
0.0603484778
0.0617961175
0.0631532796
0.0644199643
0.0655961715
0.0666819013
0.0676771535
0.0685819283
0.0693962256
0.0701200454
0.0707533878
0.0712962526
0.0717486400
0.0721105499
0.0723819824
0.0725629373
0.0726534148
0.0726534148
0.0725629373
0.0723819824
0.0721105499
0.0717486400
0.0712962526
0.0707533878
0.0701200454
0.0693962256
0.0685819283
0.0676771535
0.0666819013
0.0655961715
0.0644199643
0.0631532796
0.0617961175
0.0603484778
0.0588103607
0.0571817661
0.0554626940
0.0536531444
0.0517531174
0.0497626129
0.0476816309
0.0455101714
0.0432482345
0.0408958200
0.0384529281
0.0359195588
0.0332957119
0.0305813876
0.0268718110
0.0297670903
0.0325718921
0.0352862164
0.0379100633
0.0404434327
0.0428863246
0.0452387390
0.0475006759
0.0496721354
0.0517531174
0.0537436219
0.0556436490
0.0574531985
0.0591722706
0.0608008652
0.0623389823
0.0637866220
0.0651437841
0.0664104688
0.0675866760
0.0686724058
0.0696676580
0.0705724328
0.0713867301
0.0721105499
0.0727438923
0.0732867572
0.0737391445
0.0741010545
0.0743724869
0.0745534419
0.0746439193
0.0746439193
0.0745534419
0.0743724869
0.0741010545
0.0737391445
0.0732867572
0.0727438923
0.0721105499
0.0713867301
0.0705724328
0.0696676580
0.0686724058
0.0675866760
0.0664104688
0.0651437841
0.0637866220
0.0623389823
0.0608008652
0.0591722706
0.0574531985
0.0556436490
0.0537436219
0.0517531174
0.0496721354
0.0475006759
0.0452387390
0.0428863246
0.0404434327
0.0379100633
0.0352862164
0.0325718921
0.0287718380
0.0316671173
0.0344719191
0.0371862434
0.0398100903
0.0423434597
0.0447863516
0.0471387660
0.0494007030
0.0515721624
0.0536531444
0.0556436490
0.0575436760
0.0593532256
0.0610722976
0.0627008922
0.0642390094
0.0656866490
0.0670438112
0.0683104959
0.0694867031
0.0705724328
0.0715676851
0.0724724599
0.0732867572
0.0740105770
0.0746439193
0.0751867842
0.0756391716
0.0760010815
0.0762725139
0.0764534689
0.0765439464
0.0765439464
0.0764534689
0.0762725139
0.0760010815
0.0756391716
0.0751867842
0.0746439193
0.0740105770
0.0732867572
0.0724724599
0.0715676851
0.0705724328
0.0694867031
0.0683104959
0.0670438112
0.0656866490
0.0642390094
0.0627008922
0.0610722976
0.0593532256
0.0575436760
0.0556436490
0.0536531444
0.0515721624
0.0494007030
0.0471387660
0.0447863516
0.0423434597
0.0398100903
0.0371862434
0.0344719191
0.0305813876
0.0334766669
0.0362814687
0.0389957930
0.0416196399
0.0441530093
0.0465959012
0.0489483156
0.0512102525
0.0533817120
0.0554626940
0.0574531985
0.0593532256
0.0611627751
0.0628818472
0.0645104418
0.0660485589
0.0674961986
0.0688533607
0.0701200454
0.0712962526
0.0723819824
0.0733772346
0.0742820094
0.0750963067
0.0758201265
0.0764534689
0.0769963338
0.0774487211
0.0778106311
0.0780820635
0.0782630184
0.0783534959
0.0783534959
0.0782630184
0.0780820635
0.0778106311
0.0774487211
0.0769963338
0.0764534689
0.0758201265
0.0750963067
0.0742820094
0.0733772346
0.0723819824
0.0712962526
0.0701200454
0.0688533607
0.0674961986
0.0660485589
0.0645104418
0.0628818472
0.0611627751
0.0593532256
0.0574531985
0.0554626940
0.0533817120
0.0512102525
0.0489483156
0.0465959012
0.0441530093
0.0416196399
0.0389957930
0.0362814687
0.0323004596
0.0351957389
0.0380005407
0.0407148651
0.0433387119
0.0458720813
0.0483149732
0.0506673877
0.0529293246
0.0551007841
0.0571817661
0.0591722706
0.0610722976
0.0628818472
0.0646009193
0.0662295139
0.0677676310
0.0692152706
0.0705724328
0.0718391175
0.0730153247
0.0741010545
0.0750963067
0.0760010815
0.0768153788
0.0775391986
0.0781725410
0.0787154058
0.0791677932
0.0795297031
0.0798011356
0.0799820905
0.0800725680
0.0800725680
0.0799820905
0.0798011356
0.0795297031
0.0791677932
0.0787154058
0.0781725410
0.0775391986
0.0768153788
0.0760010815
0.0750963067
0.0741010545
0.0730153247
0.0718391175
0.0705724328
0.0692152706
0.0677676310
0.0662295139
0.0646009193
0.0628818472
0.0610722976
0.0591722706
0.0571817661
0.0551007841
0.0529293246
0.0506673877
0.0483149732
0.0458720813
0.0433387119
0.0407148651
0.0380005407
0.0339290542
0.0368243335
0.0396291354
0.0423434597
0.0449673066
0.0475006759
0.0499435678
0.0522959823
0.0545579192
0.0567293787
0.0588103607
0.0608008652
0.0627008922
0.0645104418
0.0662295139
0.0678581085
0.0693962256
0.0708438653
0.0722010274
0.0734677121
0.0746439193
0.0757296491
0.0767249013
0.0776296761
0.0784439734
0.0791677932
0.0798011356
0.0803440004
0.0807963878
0.0811582977
0.0814297302
0.0816106851
0.0817011626
0.0817011626
0.0816106851
0.0814297302
0.0811582977
0.0807963878
0.0803440004
0.0798011356
0.0791677932
0.0784439734
0.0776296761
0.0767249013
0.0757296491
0.0746439193
0.0734677121
0.0722010274
0.0708438653
0.0693962256
0.0678581085
0.0662295139
0.0645104418
0.0627008922
0.0608008652
0.0588103607
0.0567293787
0.0545579192
0.0522959823
0.0499435678
0.0475006759
0.0449673066
0.0423434597
0.0396291354
0.0354671714
0.0383624507
0.0411672525
0.0438815768
0.0465054237
0.0490387931
0.0514816850
0.0538340994
0.0560960363
0.0582674958
0.0603484778
0.0623389823
0.0642390094
0.0660485589
0.0677676310
0.0693962256
0.0709343427
0.0723819824
0.0737391445
0.0750058292
0.0761820365
0.0772677662
0.0782630184
0.0791677932
0.0799820905
0.0807059104
0.0813392527
0.0818821176
0.0823345050
0.0826964149
0.0829678473
0.0831488023
0.0832392797
0.0832392797
0.0831488023
0.0829678473
0.0826964149
0.0823345050
0.0818821176
0.0813392527
0.0807059104
0.0799820905
0.0791677932
0.0782630184
0.0772677662
0.0761820365
0.0750058292
0.0737391445
0.0723819824
0.0709343427
0.0693962256
0.0677676310
0.0660485589
0.0642390094
0.0623389823
0.0603484778
0.0582674958
0.0560960363
0.0538340994
0.0514816850
0.0490387931
0.0465054237
0.0438815768
0.0411672525
0.0369148110
0.0398100903
0.0426148921
0.0453292165
0.0479530633
0.0504864327
0.0529293246
0.0552817390
0.0575436760
0.0597151355
0.0617961175
0.0637866220
0.0656866490
0.0674961986
0.0692152706
0.0708438653
0.0723819824
0.0738296220
0.0751867842
0.0764534689
0.0776296761
0.0787154058
0.0797106581
0.0806154329
0.0814297302
0.0821535500
0.0827868923
0.0833297572
0.0837821446
0.0841440545
0.0844154869
0.0845964419
0.0846869194
0.0846869194
0.0845964419
0.0844154869
0.0841440545
0.0837821446
0.0833297572
0.0827868923
0.0821535500
0.0814297302
0.0806154329
0.0797106581
0.0787154058
0.0776296761
0.0764534689
0.0751867842
0.0738296220
0.0723819824
0.0708438653
0.0692152706
0.0674961986
0.0656866490
0.0637866220
0.0617961175
0.0597151355
0.0575436760
0.0552817390
0.0529293246
0.0504864327
0.0479530633
0.0453292165
0.0426148921
0.0382719732
0.0411672525
0.0439720543
0.0466863786
0.0493102255
0.0518435949
0.0542864868
0.0566389012
0.0589008382
0.0610722976
0.0631532796
0.0651437841
0.0670438112
0.0688533607
0.0705724328
0.0722010274
0.0737391445
0.0751867842
0.0765439464
0.0778106311
0.0789868383
0.0800725680
0.0810678203
0.0819725950
0.0827868923
0.0835107122
0.0841440545
0.0846869194
0.0851393068
0.0855012167
0.0857726491
0.0859536041
0.0860440816
0.0860440816
0.0859536041
0.0857726491
0.0855012167
0.0851393068
0.0846869194
0.0841440545
0.0835107122
0.0827868923
0.0819725950
0.0810678203
0.0800725680
0.0789868383
0.0778106311
0.0765439464
0.0751867842
0.0737391445
0.0722010274
0.0705724328
0.0688533607
0.0670438112
0.0651437841
0.0631532796
0.0610722976
0.0589008382
0.0566389012
0.0542864868
0.0518435949
0.0493102255
0.0466863786
0.0439720543
0.0395386579
0.0424339372
0.0452387390
0.0479530633
0.0505769102
0.0531102796
0.0555531715
0.0579055859
0.0601675229
0.0623389823
0.0644199643
0.0664104688
0.0683104959
0.0701200454
0.0718391175
0.0734677121
0.0750058292
0.0764534689
0.0778106311
0.0790773157
0.0802535230
0.0813392527
0.0823345050
0.0832392797
0.0840535770
0.0847773969
0.0854107392
0.0859536041
0.0864059915
0.0867679014
0.0870393338
0.0872202888
0.0873107662
0.0873107662
0.0872202888
0.0870393338
0.0867679014
0.0864059915
0.0859536041
0.0854107392
0.0847773969
0.0840535770
0.0832392797
0.0823345050
0.0813392527
0.0802535230
0.0790773157
0.0778106311
0.0764534689
0.0750058292
0.0734677121
0.0718391175
0.0701200454
0.0683104959
0.0664104688
0.0644199643
0.0623389823
0.0601675229
0.0579055859
0.0555531715
0.0531102796
0.0505769102
0.0479530633
0.0452387390
0.0407148651
0.0436101444
0.0464149462
0.0491292705
0.0517531174
0.0542864868
0.0567293787
0.0590817931
0.0613437301
0.0635151895
0.0655961715
0.0675866760
0.0694867031
0.0712962526
0.0730153247
0.0746439193
0.0761820365
0.0776296761
0.0789868383
0.0802535230
0.0814297302
0.0825154599
0.0835107122
0.0844154869
0.0852297843
0.0859536041
0.0865869464
0.0871298113
0.0875821987
0.0879441086
0.0882155410
0.0883964960
0.0884869735
0.0884869735
0.0883964960
0.0882155410
0.0879441086
0.0875821987
0.0871298113
0.0865869464
0.0859536041
0.0852297843
0.0844154869
0.0835107122
0.0825154599
0.0814297302
0.0802535230
0.0789868383
0.0776296761
0.0761820365
0.0746439193
0.0730153247
0.0712962526
0.0694867031
0.0675866760
0.0655961715
0.0635151895
0.0613437301
0.0590817931
0.0567293787
0.0542864868
0.0517531174
0.0491292705
0.0464149462
0.0418005948
0.0446958741
0.0475006759
0.0502150003
0.0528388471
0.0553722165
0.0578151084
0.0601675229
0.0624294598
0.0646009193
0.0666819013
0.0686724058
0.0705724328
0.0723819824
0.0741010545
0.0757296491
0.0772677662
0.0787154058
0.0800725680
0.0813392527
0.0825154599
0.0836011896
0.0845964419
0.0855012167
0.0863155140
0.0870393338
0.0876726762
0.0882155410
0.0886679284
0.0890298383
0.0893012708
0.0894822257
0.0895727032
0.0895727032
0.0894822257
0.0893012708
0.0890298383
0.0886679284
0.0882155410
0.0876726762
0.0870393338
0.0863155140
0.0855012167
0.0845964419
0.0836011896
0.0825154599
0.0813392527
0.0800725680
0.0787154058
0.0772677662
0.0757296491
0.0741010545
0.0723819824
0.0705724328
0.0686724058
0.0666819013
0.0646009193
0.0624294598
0.0601675229
0.0578151084
0.0553722165
0.0528388471
0.0502150003
0.0475006759
0.0427958471
0.0456911264
0.0484959282
0.0512102525
0.0538340994
0.0563674688
0.0588103607
0.0611627751
0.0634247121
0.0655961715
0.0676771535
0.0696676580
0.0715676851
0.0733772346
0.0750963067
0.0767249013
0.0782630184
0.0797106581
0.0810678203
0.0823345050
0.0835107122
0.0845964419
0.0855916942
0.0864964689
0.0873107662
0.0880345861
0.0886679284
0.0892107933
0.0896631807
0.0900250906
0.0902965230
0.0904774780
0.0905679555
0.0905679555
0.0904774780
0.0902965230
0.0900250906
0.0896631807
0.0892107933
0.0886679284
0.0880345861
0.0873107662
0.0864964689
0.0855916942
0.0845964419
0.0835107122
0.0823345050
0.0810678203
0.0797106581
0.0782630184
0.0767249013
0.0750963067
0.0733772346
0.0715676851
0.0696676580
0.0676771535
0.0655961715
0.0634247121
0.0611627751
0.0588103607
0.0563674688
0.0538340994
0.0512102525
0.0484959282
0.0437006219
0.0465959012
0.0494007030
0.0521150273
0.0547388742
0.0572722436
0.0597151355
0.0620675499
0.0643294868
0.0665009463
0.0685819283
0.0705724328
0.0724724599
0.0742820094
0.0760010815
0.0776296761
0.0791677932
0.0806154329
0.0819725950
0.0832392797
0.0844154869
0.0855012167
0.0864964689
0.0874012437
0.0882155410
0.0889393608
0.0895727032
0.0901155681
0.0905679555
0.0909298654
0.0912012978
0.0913822528
0.0914727302
0.0914727302
0.0913822528
0.0912012978
0.0909298654
0.0905679555
0.0901155681
0.0895727032
0.0889393608
0.0882155410
0.0874012437
0.0864964689
0.0855012167
0.0844154869
0.0832392797
0.0819725950
0.0806154329
0.0791677932
0.0776296761
0.0760010815
0.0742820094
0.0724724599
0.0705724328
0.0685819283
0.0665009463
0.0643294868
0.0620675499
0.0597151355
0.0572722436
0.0547388742
0.0521150273
0.0494007030
0.0445149192
0.0474101985
0.0502150003
0.0529293246
0.0555531715
0.0580865409
0.0605294328
0.0628818472
0.0651437841
0.0673152436
0.0693962256
0.0713867301
0.0732867572
0.0750963067
0.0768153788
0.0784439734
0.0799820905
0.0814297302
0.0827868923
0.0840535770
0.0852297843
0.0863155140
0.0873107662
0.0882155410
0.0890298383
0.0897536581
0.0903870005
0.0909298654
0.0913822528
0.0917441627
0.0920155951
0.0921965501
0.0922870275
0.0922870275
0.0921965501
0.0920155951
0.0917441627
0.0913822528
0.0909298654
0.0903870005
0.0897536581
0.0890298383
0.0882155410
0.0873107662
0.0863155140
0.0852297843
0.0840535770
0.0827868923
0.0814297302
0.0799820905
0.0784439734
0.0768153788
0.0750963067
0.0732867572
0.0713867301
0.0693962256
0.0673152436
0.0651437841
0.0628818472
0.0605294328
0.0580865409
0.0555531715
0.0529293246
0.0502150003
0.0452387390
0.0481340183
0.0509388201
0.0536531444
0.0562769913
0.0588103607
0.0612532526
0.0636056670
0.0658676040
0.0680390634
0.0701200454
0.0721105499
0.0740105770
0.0758201265
0.0775391986
0.0791677932
0.0807059104
0.0821535500
0.0835107122
0.0847773969
0.0859536041
0.0870393338
0.0880345861
0.0889393608
0.0897536581
0.0904774780
0.0911108203
0.0916536852
0.0921060726
0.0924679825
0.0927394149
0.0929203699
0.0930108474
0.0930108474
0.0929203699
0.0927394149
0.0924679825
0.0921060726
0.0916536852
0.0911108203
0.0904774780
0.0897536581
0.0889393608
0.0880345861
0.0870393338
0.0859536041
0.0847773969
0.0835107122
0.0821535500
0.0807059104
0.0791677932
0.0775391986
0.0758201265
0.0740105770
0.0721105499
0.0701200454
0.0680390634
0.0658676040
0.0636056670
0.0612532526
0.0588103607
0.0562769913
0.0536531444
0.0509388201
0.0458720813
0.0487673606
0.0515721624
0.0542864868
0.0569103336
0.0594437030
0.0618865949
0.0642390094
0.0665009463
0.0686724058
0.0707533878
0.0727438923
0.0746439193
0.0764534689
0.0781725410
0.0798011356
0.0813392527
0.0827868923
0.0841440545
0.0854107392
0.0865869464
0.0876726762
0.0886679284
0.0895727032
0.0903870005
0.0911108203
0.0917441627
0.0922870275
0.0927394149
0.0931013248
0.0933727573
0.0935537122
0.0936441897
0.0936441897
0.0935537122
0.0933727573
0.0931013248
0.0927394149
0.0922870275
0.0917441627
0.0911108203
0.0903870005
0.0895727032
0.0886679284
0.0876726762
0.0865869464
0.0854107392
0.0841440545
0.0827868923
0.0813392527
0.0798011356
0.0781725410
0.0764534689
0.0746439193
0.0727438923
0.0707533878
0.0686724058
0.0665009463
0.0642390094
0.0618865949
0.0594437030
0.0569103336
0.0542864868
0.0515721624
0.0464149462
0.0493102255
0.0521150273
0.0548293517
0.0574531985
0.0599865679
0.0624294598
0.0647818742
0.0670438112
0.0692152706
0.0712962526
0.0732867572
0.0751867842
0.0769963338
0.0787154058
0.0803440004
0.0818821176
0.0833297572
0.0846869194
0.0859536041
0.0871298113
0.0882155410
0.0892107933
0.0901155681
0.0909298654
0.0916536852
0.0922870275
0.0928298924
0.0932822798
0.0936441897
0.0939156221
0.0940965771
0.0941870546
0.0941870546
0.0940965771
0.0939156221
0.0936441897
0.0932822798
0.0928298924
0.0922870275
0.0916536852
0.0909298654
0.0901155681
0.0892107933
0.0882155410
0.0871298113
0.0859536041
0.0846869194
0.0833297572
0.0818821176
0.0803440004
0.0787154058
0.0769963338
0.0751867842
0.0732867572
0.0712962526
0.0692152706
0.0670438112
0.0647818742
0.0624294598
0.0599865679
0.0574531985
0.0548293517
0.0521150273
0.0468673336
0.0497626129
0.0525674147
0.0552817390
0.0579055859
0.0604389553
0.0628818472
0.0652342616
0.0674961986
0.0696676580
0.0717486400
0.0737391445
0.0756391716
0.0774487211
0.0791677932
0.0807963878
0.0823345050
0.0837821446
0.0851393068
0.0864059915
0.0875821987
0.0886679284
0.0896631807
0.0905679555
0.0913822528
0.0921060726
0.0927394149
0.0932822798
0.0937346672
0.0940965771
0.0943680095
0.0945489645
0.0946394420
0.0946394420
0.0945489645
0.0943680095
0.0940965771
0.0937346672
0.0932822798
0.0927394149
0.0921060726
0.0913822528
0.0905679555
0.0896631807
0.0886679284
0.0875821987
0.0864059915
0.0851393068
0.0837821446
0.0823345050
0.0807963878
0.0791677932
0.0774487211
0.0756391716
0.0737391445
0.0717486400
0.0696676580
0.0674961986
0.0652342616
0.0628818472
0.0604389553
0.0579055859
0.0552817390
0.0525674147
0.0472292435
0.0501245228
0.0529293246
0.0556436490
0.0582674958
0.0608008652
0.0632437571
0.0655961715
0.0678581085
0.0700295680
0.0721105499
0.0741010545
0.0760010815
0.0778106311
0.0795297031
0.0811582977
0.0826964149
0.0841440545
0.0855012167
0.0867679014
0.0879441086
0.0890298383
0.0900250906
0.0909298654
0.0917441627
0.0924679825
0.0931013248
0.0936441897
0.0940965771
0.0944584870
0.0947299194
0.0949108744
0.0950013519
0.0950013519
0.0949108744
0.0947299194
0.0944584870
0.0940965771
0.0936441897
0.0931013248
0.0924679825
0.0917441627
0.0909298654
0.0900250906
0.0890298383
0.0879441086
0.0867679014
0.0855012167
0.0841440545
0.0826964149
0.0811582977
0.0795297031
0.0778106311
0.0760010815
0.0741010545
0.0721105499
0.0700295680
0.0678581085
0.0655961715
0.0632437571
0.0608008652
0.0582674958
0.0556436490
0.0529293246
0.0475006759
0.0503959552
0.0532007570
0.0559150814
0.0585389282
0.0610722976
0.0635151895
0.0658676040
0.0681295409
0.0703010004
0.0723819824
0.0743724869
0.0762725139
0.0780820635
0.0798011356
0.0814297302
0.0829678473
0.0844154869
0.0857726491
0.0870393338
0.0882155410
0.0893012708
0.0902965230
0.0912012978
0.0920155951
0.0927394149
0.0933727573
0.0939156221
0.0943680095
0.0947299194
0.0950013519
0.0951823068
0.0952727843
0.0952727843
0.0951823068
0.0950013519
0.0947299194
0.0943680095
0.0939156221
0.0933727573
0.0927394149
0.0920155951
0.0912012978
0.0902965230
0.0893012708
0.0882155410
0.0870393338
0.0857726491
0.0844154869
0.0829678473
0.0814297302
0.0798011356
0.0780820635
0.0762725139
0.0743724869
0.0723819824
0.0703010004
0.0681295409
0.0658676040
0.0635151895
0.0610722976
0.0585389282
0.0559150814
0.0532007570
0.0476816309
0.0505769102
0.0533817120
0.0560960363
0.0587198832
0.0612532526
0.0636961445
0.0660485589
0.0683104959
0.0704819553
0.0725629373
0.0745534419
0.0764534689
0.0782630184
0.0799820905
0.0816106851
0.0831488023
0.0845964419
0.0859536041
0.0872202888
0.0883964960
0.0894822257
0.0904774780
0.0913822528
0.0921965501
0.0929203699
0.0935537122
0.0940965771
0.0945489645
0.0949108744
0.0951823068
0.0953632618
0.0954537393
0.0954537393
0.0953632618
0.0951823068
0.0949108744
0.0945489645
0.0940965771
0.0935537122
0.0929203699
0.0921965501
0.0913822528
0.0904774780
0.0894822257
0.0883964960
0.0872202888
0.0859536041
0.0845964419
0.0831488023
0.0816106851
0.0799820905
0.0782630184
0.0764534689
0.0745534419
0.0725629373
0.0704819553
0.0683104959
0.0660485589
0.0636961445
0.0612532526
0.0587198832
0.0560960363
0.0533817120
0.0477721084
0.0506673877
0.0534721895
0.0561865138
0.0588103607
0.0613437301
0.0637866220
0.0661390364
0.0684009733
0.0705724328
0.0726534148
0.0746439193
0.0765439464
0.0783534959
0.0800725680
0.0817011626
0.0832392797
0.0846869194
0.0860440816
0.0873107662
0.0884869735
0.0895727032
0.0905679555
0.0914727302
0.0922870275
0.0930108474
0.0936441897
0.0941870546
0.0946394420
0.0950013519
0.0952727843
0.0954537393
0.0955442167
0.0955442167
0.0954537393
0.0952727843
0.0950013519
0.0946394420
0.0941870546
0.0936441897
0.0930108474
0.0922870275
0.0914727302
0.0905679555
0.0895727032
0.0884869735
0.0873107662
0.0860440816
0.0846869194
0.0832392797
0.0817011626
0.0800725680
0.0783534959
0.0765439464
0.0746439193
0.0726534148
0.0705724328
0.0684009733
0.0661390364
0.0637866220
0.0613437301
0.0588103607
0.0561865138
0.0534721895
0.0477721084
0.0506673877
0.0534721895
0.0561865138
0.0588103607
0.0613437301
0.0637866220
0.0661390364
0.0684009733
0.0705724328
0.0726534148
0.0746439193
0.0765439464
0.0783534959
0.0800725680
0.0817011626
0.0832392797
0.0846869194
0.0860440816
0.0873107662
0.0884869735
0.0895727032
0.0905679555
0.0914727302
0.0922870275
0.0930108474
0.0936441897
0.0941870546
0.0946394420
0.0950013519
0.0952727843
0.0954537393
0.0955442167
0.0955442167
0.0954537393
0.0952727843
0.0950013519
0.0946394420
0.0941870546
0.0936441897
0.0930108474
0.0922870275
0.0914727302
0.0905679555
0.0895727032
0.0884869735
0.0873107662
0.0860440816
0.0846869194
0.0832392797
0.0817011626
0.0800725680
0.0783534959
0.0765439464
0.0746439193
0.0726534148
0.0705724328
0.0684009733
0.0661390364
0.0637866220
0.0613437301
0.0588103607
0.0561865138
0.0534721895
0.0476816309
0.0505769102
0.0533817120
0.0560960363
0.0587198832
0.0612532526
0.0636961445
0.0660485589
0.0683104959
0.0704819553
0.0725629373
0.0745534419
0.0764534689
0.0782630184
0.0799820905
0.0816106851
0.0831488023
0.0845964419
0.0859536041
0.0872202888
0.0883964960
0.0894822257
0.0904774780
0.0913822528
0.0921965501
0.0929203699
0.0935537122
0.0940965771
0.0945489645
0.0949108744
0.0951823068
0.0953632618
0.0954537393
0.0954537393
0.0953632618
0.0951823068
0.0949108744
0.0945489645
0.0940965771
0.0935537122
0.0929203699
0.0921965501
0.0913822528
0.0904774780
0.0894822257
0.0883964960
0.0872202888
0.0859536041
0.0845964419
0.0831488023
0.0816106851
0.0799820905
0.0782630184
0.0764534689
0.0745534419
0.0725629373
0.0704819553
0.0683104959
0.0660485589
0.0636961445
0.0612532526
0.0587198832
0.0560960363
0.0533817120
0.0475006759
0.0503959552
0.0532007570
0.0559150814
0.0585389282
0.0610722976
0.0635151895
0.0658676040
0.0681295409
0.0703010004
0.0723819824
0.0743724869
0.0762725139
0.0780820635
0.0798011356
0.0814297302
0.0829678473
0.0844154869
0.0857726491
0.0870393338
0.0882155410
0.0893012708
0.0902965230
0.0912012978
0.0920155951
0.0927394149
0.0933727573
0.0939156221
0.0943680095
0.0947299194
0.0950013519
0.0951823068
0.0952727843
0.0952727843
0.0951823068
0.0950013519
0.0947299194
0.0943680095
0.0939156221
0.0933727573
0.0927394149
0.0920155951
0.0912012978
0.0902965230
0.0893012708
0.0882155410
0.0870393338
0.0857726491
0.0844154869
0.0829678473
0.0814297302
0.0798011356
0.0780820635
0.0762725139
0.0743724869
0.0723819824
0.0703010004
0.0681295409
0.0658676040
0.0635151895
0.0610722976
0.0585389282
0.0559150814
0.0532007570
0.0472292435
0.0501245228
0.0529293246
0.0556436490
0.0582674958
0.0608008652
0.0632437571
0.0655961715
0.0678581085
0.0700295680
0.0721105499
0.0741010545
0.0760010815
0.0778106311
0.0795297031
0.0811582977
0.0826964149
0.0841440545
0.0855012167
0.0867679014
0.0879441086
0.0890298383
0.0900250906
0.0909298654
0.0917441627
0.0924679825
0.0931013248
0.0936441897
0.0940965771
0.0944584870
0.0947299194
0.0949108744
0.0950013519
0.0950013519
0.0949108744
0.0947299194
0.0944584870
0.0940965771
0.0936441897
0.0931013248
0.0924679825
0.0917441627
0.0909298654
0.0900250906
0.0890298383
0.0879441086
0.0867679014
0.0855012167
0.0841440545
0.0826964149
0.0811582977
0.0795297031
0.0778106311
0.0760010815
0.0741010545
0.0721105499
0.0700295680
0.0678581085
0.0655961715
0.0632437571
0.0608008652
0.0582674958
0.0556436490
0.0529293246
0.0468673336
0.0497626129
0.0525674147
0.0552817390
0.0579055859
0.0604389553
0.0628818472
0.0652342616
0.0674961986
0.0696676580
0.0717486400
0.0737391445
0.0756391716
0.0774487211
0.0791677932
0.0807963878
0.0823345050
0.0837821446
0.0851393068
0.0864059915
0.0875821987
0.0886679284
0.0896631807
0.0905679555
0.0913822528
0.0921060726
0.0927394149
0.0932822798
0.0937346672
0.0940965771
0.0943680095
0.0945489645
0.0946394420
0.0946394420
0.0945489645
0.0943680095
0.0940965771
0.0937346672
0.0932822798
0.0927394149
0.0921060726
0.0913822528
0.0905679555
0.0896631807
0.0886679284
0.0875821987
0.0864059915
0.0851393068
0.0837821446
0.0823345050
0.0807963878
0.0791677932
0.0774487211
0.0756391716
0.0737391445
0.0717486400
0.0696676580
0.0674961986
0.0652342616
0.0628818472
0.0604389553
0.0579055859
0.0552817390
0.0525674147
0.0464149462
0.0493102255
0.0521150273
0.0548293517
0.0574531985
0.0599865679
0.0624294598
0.0647818742
0.0670438112
0.0692152706
0.0712962526
0.0732867572
0.0751867842
0.0769963338
0.0787154058
0.0803440004
0.0818821176
0.0833297572
0.0846869194
0.0859536041
0.0871298113
0.0882155410
0.0892107933
0.0901155681
0.0909298654
0.0916536852
0.0922870275
0.0928298924
0.0932822798
0.0936441897
0.0939156221
0.0940965771
0.0941870546
0.0941870546
0.0940965771
0.0939156221
0.0936441897
0.0932822798
0.0928298924
0.0922870275
0.0916536852
0.0909298654
0.0901155681
0.0892107933
0.0882155410
0.0871298113
0.0859536041
0.0846869194
0.0833297572
0.0818821176
0.0803440004
0.0787154058
0.0769963338
0.0751867842
0.0732867572
0.0712962526
0.0692152706
0.0670438112
0.0647818742
0.0624294598
0.0599865679
0.0574531985
0.0548293517
0.0521150273
0.0458720813
0.0487673606
0.0515721624
0.0542864868
0.0569103336
0.0594437030
0.0618865949
0.0642390094
0.0665009463
0.0686724058
0.0707533878
0.0727438923
0.0746439193
0.0764534689
0.0781725410
0.0798011356
0.0813392527
0.0827868923
0.0841440545
0.0854107392
0.0865869464
0.0876726762
0.0886679284
0.0895727032
0.0903870005
0.0911108203
0.0917441627
0.0922870275
0.0927394149
0.0931013248
0.0933727573
0.0935537122
0.0936441897
0.0936441897
0.0935537122
0.0933727573
0.0931013248
0.0927394149
0.0922870275
0.0917441627
0.0911108203
0.0903870005
0.0895727032
0.0886679284
0.0876726762
0.0865869464
0.0854107392
0.0841440545
0.0827868923
0.0813392527
0.0798011356
0.0781725410
0.0764534689
0.0746439193
0.0727438923
0.0707533878
0.0686724058
0.0665009463
0.0642390094
0.0618865949
0.0594437030
0.0569103336
0.0542864868
0.0515721624
0.0452387390
0.0481340183
0.0509388201
0.0536531444
0.0562769913
0.0588103607
0.0612532526
0.0636056670
0.0658676040
0.0680390634
0.0701200454
0.0721105499
0.0740105770
0.0758201265
0.0775391986
0.0791677932
0.0807059104
0.0821535500
0.0835107122
0.0847773969
0.0859536041
0.0870393338
0.0880345861
0.0889393608
0.0897536581
0.0904774780
0.0911108203
0.0916536852
0.0921060726
0.0924679825
0.0927394149
0.0929203699
0.0930108474
0.0930108474
0.0929203699
0.0927394149
0.0924679825
0.0921060726
0.0916536852
0.0911108203
0.0904774780
0.0897536581
0.0889393608
0.0880345861
0.0870393338
0.0859536041
0.0847773969
0.0835107122
0.0821535500
0.0807059104
0.0791677932
0.0775391986
0.0758201265
0.0740105770
0.0721105499
0.0701200454
0.0680390634
0.0658676040
0.0636056670
0.0612532526
0.0588103607
0.0562769913
0.0536531444
0.0509388201
0.0445149192
0.0474101985
0.0502150003
0.0529293246
0.0555531715
0.0580865409
0.0605294328
0.0628818472
0.0651437841
0.0673152436
0.0693962256
0.0713867301
0.0732867572
0.0750963067
0.0768153788
0.0784439734
0.0799820905
0.0814297302
0.0827868923
0.0840535770
0.0852297843
0.0863155140
0.0873107662
0.0882155410
0.0890298383
0.0897536581
0.0903870005
0.0909298654
0.0913822528
0.0917441627
0.0920155951
0.0921965501
0.0922870275
0.0922870275
0.0921965501
0.0920155951
0.0917441627
0.0913822528
0.0909298654
0.0903870005
0.0897536581
0.0890298383
0.0882155410
0.0873107662
0.0863155140
0.0852297843
0.0840535770
0.0827868923
0.0814297302
0.0799820905
0.0784439734
0.0768153788
0.0750963067
0.0732867572
0.0713867301
0.0693962256
0.0673152436
0.0651437841
0.0628818472
0.0605294328
0.0580865409
0.0555531715
0.0529293246
0.0502150003
0.0437006219
0.0465959012
0.0494007030
0.0521150273
0.0547388742
0.0572722436
0.0597151355
0.0620675499
0.0643294868
0.0665009463
0.0685819283
0.0705724328
0.0724724599
0.0742820094
0.0760010815
0.0776296761
0.0791677932
0.0806154329
0.0819725950
0.0832392797
0.0844154869
0.0855012167
0.0864964689
0.0874012437
0.0882155410
0.0889393608
0.0895727032
0.0901155681
0.0905679555
0.0909298654
0.0912012978
0.0913822528
0.0914727302
0.0914727302
0.0913822528
0.0912012978
0.0909298654
0.0905679555
0.0901155681
0.0895727032
0.0889393608
0.0882155410
0.0874012437
0.0864964689
0.0855012167
0.0844154869
0.0832392797
0.0819725950
0.0806154329
0.0791677932
0.0776296761
0.0760010815
0.0742820094
0.0724724599
0.0705724328
0.0685819283
0.0665009463
0.0643294868
0.0620675499
0.0597151355
0.0572722436
0.0547388742
0.0521150273
0.0494007030
0.0427958471
0.0456911264
0.0484959282
0.0512102525
0.0538340994
0.0563674688
0.0588103607
0.0611627751
0.0634247121
0.0655961715
0.0676771535
0.0696676580
0.0715676851
0.0733772346
0.0750963067
0.0767249013
0.0782630184
0.0797106581
0.0810678203
0.0823345050
0.0835107122
0.0845964419
0.0855916942
0.0864964689
0.0873107662
0.0880345861
0.0886679284
0.0892107933
0.0896631807
0.0900250906
0.0902965230
0.0904774780
0.0905679555
0.0905679555
0.0904774780
0.0902965230
0.0900250906
0.0896631807
0.0892107933
0.0886679284
0.0880345861
0.0873107662
0.0864964689
0.0855916942
0.0845964419
0.0835107122
0.0823345050
0.0810678203
0.0797106581
0.0782630184
0.0767249013
0.0750963067
0.0733772346
0.0715676851
0.0696676580
0.0676771535
0.0655961715
0.0634247121
0.0611627751
0.0588103607
0.0563674688
0.0538340994
0.0512102525
0.0484959282
0.0418005948
0.0446958741
0.0475006759
0.0502150003
0.0528388471
0.0553722165
0.0578151084
0.0601675229
0.0624294598
0.0646009193
0.0666819013
0.0686724058
0.0705724328
0.0723819824
0.0741010545
0.0757296491
0.0772677662
0.0787154058
0.0800725680
0.0813392527
0.0825154599
0.0836011896
0.0845964419
0.0855012167
0.0863155140
0.0870393338
0.0876726762
0.0882155410
0.0886679284
0.0890298383
0.0893012708
0.0894822257
0.0895727032
0.0895727032
0.0894822257
0.0893012708
0.0890298383
0.0886679284
0.0882155410
0.0876726762
0.0870393338
0.0863155140
0.0855012167
0.0845964419
0.0836011896
0.0825154599
0.0813392527
0.0800725680
0.0787154058
0.0772677662
0.0757296491
0.0741010545
0.0723819824
0.0705724328
0.0686724058
0.0666819013
0.0646009193
0.0624294598
0.0601675229
0.0578151084
0.0553722165
0.0528388471
0.0502150003
0.0475006759
0.0407148651
0.0436101444
0.0464149462
0.0491292705
0.0517531174
0.0542864868
0.0567293787
0.0590817931
0.0613437301
0.0635151895
0.0655961715
0.0675866760
0.0694867031
0.0712962526
0.0730153247
0.0746439193
0.0761820365
0.0776296761
0.0789868383
0.0802535230
0.0814297302
0.0825154599
0.0835107122
0.0844154869
0.0852297843
0.0859536041
0.0865869464
0.0871298113
0.0875821987
0.0879441086
0.0882155410
0.0883964960
0.0884869735
0.0884869735
0.0883964960
0.0882155410
0.0879441086
0.0875821987
0.0871298113
0.0865869464
0.0859536041
0.0852297843
0.0844154869
0.0835107122
0.0825154599
0.0814297302
0.0802535230
0.0789868383
0.0776296761
0.0761820365
0.0746439193
0.0730153247
0.0712962526
0.0694867031
0.0675866760
0.0655961715
0.0635151895
0.0613437301
0.0590817931
0.0567293787
0.0542864868
0.0517531174
0.0491292705
0.0464149462
0.0395386579
0.0424339372
0.0452387390
0.0479530633
0.0505769102
0.0531102796
0.0555531715
0.0579055859
0.0601675229
0.0623389823
0.0644199643
0.0664104688
0.0683104959
0.0701200454
0.0718391175
0.0734677121
0.0750058292
0.0764534689
0.0778106311
0.0790773157
0.0802535230
0.0813392527
0.0823345050
0.0832392797
0.0840535770
0.0847773969
0.0854107392
0.0859536041
0.0864059915
0.0867679014
0.0870393338
0.0872202888
0.0873107662
0.0873107662
0.0872202888
0.0870393338
0.0867679014
0.0864059915
0.0859536041
0.0854107392
0.0847773969
0.0840535770
0.0832392797
0.0823345050
0.0813392527
0.0802535230
0.0790773157
0.0778106311
0.0764534689
0.0750058292
0.0734677121
0.0718391175
0.0701200454
0.0683104959
0.0664104688
0.0644199643
0.0623389823
0.0601675229
0.0579055859
0.0555531715
0.0531102796
0.0505769102
0.0479530633
0.0452387390
0.0382719732
0.0411672525
0.0439720543
0.0466863786
0.0493102255
0.0518435949
0.0542864868
0.0566389012
0.0589008382
0.0610722976
0.0631532796
0.0651437841
0.0670438112
0.0688533607
0.0705724328
0.0722010274
0.0737391445
0.0751867842
0.0765439464
0.0778106311
0.0789868383
0.0800725680
0.0810678203
0.0819725950
0.0827868923
0.0835107122
0.0841440545
0.0846869194
0.0851393068
0.0855012167
0.0857726491
0.0859536041
0.0860440816
0.0860440816
0.0859536041
0.0857726491
0.0855012167
0.0851393068
0.0846869194
0.0841440545
0.0835107122
0.0827868923
0.0819725950
0.0810678203
0.0800725680
0.0789868383
0.0778106311
0.0765439464
0.0751867842
0.0737391445
0.0722010274
0.0705724328
0.0688533607
0.0670438112
0.0651437841
0.0631532796
0.0610722976
0.0589008382
0.0566389012
0.0542864868
0.0518435949
0.0493102255
0.0466863786
0.0439720543
0.0369148110
0.0398100903
0.0426148921
0.0453292165
0.0479530633
0.0504864327
0.0529293246
0.0552817390
0.0575436760
0.0597151355
0.0617961175
0.0637866220
0.0656866490
0.0674961986
0.0692152706
0.0708438653
0.0723819824
0.0738296220
0.0751867842
0.0764534689
0.0776296761
0.0787154058
0.0797106581
0.0806154329
0.0814297302
0.0821535500
0.0827868923
0.0833297572
0.0837821446
0.0841440545
0.0844154869
0.0845964419
0.0846869194
0.0846869194
0.0845964419
0.0844154869
0.0841440545
0.0837821446
0.0833297572
0.0827868923
0.0821535500
0.0814297302
0.0806154329
0.0797106581
0.0787154058
0.0776296761
0.0764534689
0.0751867842
0.0738296220
0.0723819824
0.0708438653
0.0692152706
0.0674961986
0.0656866490
0.0637866220
0.0617961175
0.0597151355
0.0575436760
0.0552817390
0.0529293246
0.0504864327
0.0479530633
0.0453292165
0.0426148921
0.0354671714
0.0383624507
0.0411672525
0.0438815768
0.0465054237
0.0490387931
0.0514816850
0.0538340994
0.0560960363
0.0582674958
0.0603484778
0.0623389823
0.0642390094
0.0660485589
0.0677676310
0.0693962256
0.0709343427
0.0723819824
0.0737391445
0.0750058292
0.0761820365
0.0772677662
0.0782630184
0.0791677932
0.0799820905
0.0807059104
0.0813392527
0.0818821176
0.0823345050
0.0826964149
0.0829678473
0.0831488023
0.0832392797
0.0832392797
0.0831488023
0.0829678473
0.0826964149
0.0823345050
0.0818821176
0.0813392527
0.0807059104
0.0799820905
0.0791677932
0.0782630184
0.0772677662
0.0761820365
0.0750058292
0.0737391445
0.0723819824
0.0709343427
0.0693962256
0.0677676310
0.0660485589
0.0642390094
0.0623389823
0.0603484778
0.0582674958
0.0560960363
0.0538340994
0.0514816850
0.0490387931
0.0465054237
0.0438815768
0.0411672525
0.0339290542
0.0368243335
0.0396291354
0.0423434597
0.0449673066
0.0475006759
0.0499435678
0.0522959823
0.0545579192
0.0567293787
0.0588103607
0.0608008652
0.0627008922
0.0645104418
0.0662295139
0.0678581085
0.0693962256
0.0708438653
0.0722010274
0.0734677121
0.0746439193
0.0757296491
0.0767249013
0.0776296761
0.0784439734
0.0791677932
0.0798011356
0.0803440004
0.0807963878
0.0811582977
0.0814297302
0.0816106851
0.0817011626
0.0817011626
0.0816106851
0.0814297302
0.0811582977
0.0807963878
0.0803440004
0.0798011356
0.0791677932
0.0784439734
0.0776296761
0.0767249013
0.0757296491
0.0746439193
0.0734677121
0.0722010274
0.0708438653
0.0693962256
0.0678581085
0.0662295139
0.0645104418
0.0627008922
0.0608008652
0.0588103607
0.0567293787
0.0545579192
0.0522959823
0.0499435678
0.0475006759
0.0449673066
0.0423434597
0.0396291354
0.0323004596
0.0351957389
0.0380005407
0.0407148651
0.0433387119
0.0458720813
0.0483149732
0.0506673877
0.0529293246
0.0551007841
0.0571817661
0.0591722706
0.0610722976
0.0628818472
0.0646009193
0.0662295139
0.0677676310
0.0692152706
0.0705724328
0.0718391175
0.0730153247
0.0741010545
0.0750963067
0.0760010815
0.0768153788
0.0775391986
0.0781725410
0.0787154058
0.0791677932
0.0795297031
0.0798011356
0.0799820905
0.0800725680
0.0800725680
0.0799820905
0.0798011356
0.0795297031
0.0791677932
0.0787154058
0.0781725410
0.0775391986
0.0768153788
0.0760010815
0.0750963067
0.0741010545
0.0730153247
0.0718391175
0.0705724328
0.0692152706
0.0677676310
0.0662295139
0.0646009193
0.0628818472
0.0610722976
0.0591722706
0.0571817661
0.0551007841
0.0529293246
0.0506673877
0.0483149732
0.0458720813
0.0433387119
0.0407148651
0.0380005407
0.0305813876
0.0334766669
0.0362814687
0.0389957930
0.0416196399
0.0441530093
0.0465959012
0.0489483156
0.0512102525
0.0533817120
0.0554626940
0.0574531985
0.0593532256
0.0611627751
0.0628818472
0.0645104418
0.0660485589
0.0674961986
0.0688533607
0.0701200454
0.0712962526
0.0723819824
0.0733772346
0.0742820094
0.0750963067
0.0758201265
0.0764534689
0.0769963338
0.0774487211
0.0778106311
0.0780820635
0.0782630184
0.0783534959
0.0783534959
0.0782630184
0.0780820635
0.0778106311
0.0774487211
0.0769963338
0.0764534689
0.0758201265
0.0750963067
0.0742820094
0.0733772346
0.0723819824
0.0712962526
0.0701200454
0.0688533607
0.0674961986
0.0660485589
0.0645104418
0.0628818472
0.0611627751
0.0593532256
0.0574531985
0.0554626940
0.0533817120
0.0512102525
0.0489483156
0.0465959012
0.0441530093
0.0416196399
0.0389957930
0.0362814687
0.0287718380
0.0316671173
0.0344719191
0.0371862434
0.0398100903
0.0423434597
0.0447863516
0.0471387660
0.0494007030
0.0515721624
0.0536531444
0.0556436490
0.0575436760
0.0593532256
0.0610722976
0.0627008922
0.0642390094
0.0656866490
0.0670438112
0.0683104959
0.0694867031
0.0705724328
0.0715676851
0.0724724599
0.0732867572
0.0740105770
0.0746439193
0.0751867842
0.0756391716
0.0760010815
0.0762725139
0.0764534689
0.0765439464
0.0765439464
0.0764534689
0.0762725139
0.0760010815
0.0756391716
0.0751867842
0.0746439193
0.0740105770
0.0732867572
0.0724724599
0.0715676851
0.0705724328
0.0694867031
0.0683104959
0.0670438112
0.0656866490
0.0642390094
0.0627008922
0.0610722976
0.0593532256
0.0575436760
0.0556436490
0.0536531444
0.0515721624
0.0494007030
0.0471387660
0.0447863516
0.0423434597
0.0398100903
0.0371862434
0.0344719191
0.0268718110
0.0297670903
0.0325718921
0.0352862164
0.0379100633
0.0404434327
0.0428863246
0.0452387390
0.0475006759
0.0496721354
0.0517531174
0.0537436219
0.0556436490
0.0574531985
0.0591722706
0.0608008652
0.0623389823
0.0637866220
0.0651437841
0.0664104688
0.0675866760
0.0686724058
0.0696676580
0.0705724328
0.0713867301
0.0721105499
0.0727438923
0.0732867572
0.0737391445
0.0741010545
0.0743724869
0.0745534419
0.0746439193
0.0746439193
0.0745534419
0.0743724869
0.0741010545
0.0737391445
0.0732867572
0.0727438923
0.0721105499
0.0713867301
0.0705724328
0.0696676580
0.0686724058
0.0675866760
0.0664104688
0.0651437841
0.0637866220
0.0623389823
0.0608008652
0.0591722706
0.0574531985
0.0556436490
0.0537436219
0.0517531174
0.0496721354
0.0475006759
0.0452387390
0.0428863246
0.0404434327
0.0379100633
0.0352862164
0.0325718921
0.0248813064
0.0277765857
0.0305813876
0.0332957119
0.0359195588
0.0384529281
0.0408958200
0.0432482345
0.0455101714
0.0476816309
0.0497626129
0.0517531174
0.0536531444
0.0554626940
0.0571817661
0.0588103607
0.0603484778
0.0617961175
0.0631532796
0.0644199643
0.0655961715
0.0666819013
0.0676771535
0.0685819283
0.0693962256
0.0701200454
0.0707533878
0.0712962526
0.0717486400
0.0721105499
0.0723819824
0.0725629373
0.0726534148
0.0726534148
0.0725629373
0.0723819824
0.0721105499
0.0717486400
0.0712962526
0.0707533878
0.0701200454
0.0693962256
0.0685819283
0.0676771535
0.0666819013
0.0655961715
0.0644199643
0.0631532796
0.0617961175
0.0603484778
0.0588103607
0.0571817661
0.0554626940
0.0536531444
0.0517531174
0.0497626129
0.0476816309
0.0455101714
0.0432482345
0.0408958200
0.0384529281
0.0359195588
0.0332957119
0.0305813876
0.0228003244
0.0256956037
0.0285004056
0.0312147299
0.0338385768
0.0363719461
0.0388148381
0.0411672525
0.0434291894
0.0456006489
0.0476816309
0.0496721354
0.0515721624
0.0533817120
0.0551007841
0.0567293787
0.0582674958
0.0597151355
0.0610722976
0.0623389823
0.0635151895
0.0646009193
0.0655961715
0.0665009463
0.0673152436
0.0680390634
0.0686724058
0.0692152706
0.0696676580
0.0700295680
0.0703010004
0.0704819553
0.0705724328
0.0705724328
0.0704819553
0.0703010004
0.0700295680
0.0696676580
0.0692152706
0.0686724058
0.0680390634
0.0673152436
0.0665009463
0.0655961715
0.0646009193
0.0635151895
0.0623389823
0.0610722976
0.0597151355
0.0582674958
0.0567293787
0.0551007841
0.0533817120
0.0515721624
0.0496721354
0.0476816309
0.0456006489
0.0434291894
0.0411672525
0.0388148381
0.0363719461
0.0338385768
0.0312147299
0.0285004056
0.0206288650
0.0235241443
0.0263289461
0.0290432704
0.0316671173
0.0342004867
0.0366433786
0.0389957930
0.0412577300
0.0434291894
0.0455101714
0.0475006759
0.0494007030
0.0512102525
0.0529293246
0.0545579192
0.0560960363
0.0575436760
0.0589008382
0.0601675229
0.0613437301
0.0624294598
0.0634247121
0.0643294868
0.0651437841
0.0658676040
0.0665009463
0.0670438112
0.0674961986
0.0678581085
0.0681295409
0.0683104959
0.0684009733
0.0684009733
0.0683104959
0.0681295409
0.0678581085
0.0674961986
0.0670438112
0.0665009463
0.0658676040
0.0651437841
0.0643294868
0.0634247121
0.0624294598
0.0613437301
0.0601675229
0.0589008382
0.0575436760
0.0560960363
0.0545579192
0.0529293246
0.0512102525
0.0494007030
0.0475006759
0.0455101714
0.0434291894
0.0412577300
0.0389957930
0.0366433786
0.0342004867
0.0316671173
0.0290432704
0.0263289461
0.0183669280
0.0212622073
0.0240670091
0.0267813335
0.0294051803
0.0319385497
0.0343814416
0.0367338561
0.0389957930
0.0411672525
0.0432482345
0.0452387390
0.0471387660
0.0489483156
0.0506673877
0.0522959823
0.0538340994
0.0552817390
0.0566389012
0.0579055859
0.0590817931
0.0601675229
0.0611627751
0.0620675499
0.0628818472
0.0636056670
0.0642390094
0.0647818742
0.0652342616
0.0655961715
0.0658676040
0.0660485589
0.0661390364
0.0661390364
0.0660485589
0.0658676040
0.0655961715
0.0652342616
0.0647818742
0.0642390094
0.0636056670
0.0628818472
0.0620675499
0.0611627751
0.0601675229
0.0590817931
0.0579055859
0.0566389012
0.0552817390
0.0538340994
0.0522959823
0.0506673877
0.0489483156
0.0471387660
0.0452387390
0.0432482345
0.0411672525
0.0389957930
0.0367338561
0.0343814416
0.0319385497
0.0294051803
0.0267813335
0.0240670091
0.0160145136
0.0189097929
0.0217145947
0.0244289191
0.0270527659
0.0295861353
0.0320290272
0.0343814416
0.0366433786
0.0388148381
0.0408958200
0.0428863246
0.0447863516
0.0465959012
0.0483149732
0.0499435678
0.0514816850
0.0529293246
0.0542864868
0.0555531715
0.0567293787
0.0578151084
0.0588103607
0.0597151355
0.0605294328
0.0612532526
0.0618865949
0.0624294598
0.0628818472
0.0632437571
0.0635151895
0.0636961445
0.0637866220
0.0637866220
0.0636961445
0.0635151895
0.0632437571
0.0628818472
0.0624294598
0.0618865949
0.0612532526
0.0605294328
0.0597151355
0.0588103607
0.0578151084
0.0567293787
0.0555531715
0.0542864868
0.0529293246
0.0514816850
0.0499435678
0.0483149732
0.0465959012
0.0447863516
0.0428863246
0.0408958200
0.0388148381
0.0366433786
0.0343814416
0.0320290272
0.0295861353
0.0270527659
0.0244289191
0.0217145947
0.0135716217
0.0164669010
0.0192717028
0.0219860271
0.0246098740
0.0271432434
0.0295861353
0.0319385497
0.0342004867
0.0363719461
0.0384529281
0.0404434327
0.0423434597
0.0441530093
0.0458720813
0.0475006759
0.0490387931
0.0504864327
0.0518435949
0.0531102796
0.0542864868
0.0553722165
0.0563674688
0.0572722436
0.0580865409
0.0588103607
0.0594437030
0.0599865679
0.0604389553
0.0608008652
0.0610722976
0.0612532526
0.0613437301
0.0613437301
0.0612532526
0.0610722976
0.0608008652
0.0604389553
0.0599865679
0.0594437030
0.0588103607
0.0580865409
0.0572722436
0.0563674688
0.0553722165
0.0542864868
0.0531102796
0.0518435949
0.0504864327
0.0490387931
0.0475006759
0.0458720813
0.0441530093
0.0423434597
0.0404434327
0.0384529281
0.0363719461
0.0342004867
0.0319385497
0.0295861353
0.0271432434
0.0246098740
0.0219860271
0.0192717028
0.0110382523
0.0139335316
0.0167383334
0.0194526578
0.0220765046
0.0246098740
0.0270527659
0.0294051803
0.0316671173
0.0338385768
0.0359195588
0.0379100633
0.0398100903
0.0416196399
0.0433387119
0.0449673066
0.0465054237
0.0479530633
0.0493102255
0.0505769102
0.0517531174
0.0528388471
0.0538340994
0.0547388742
0.0555531715
0.0562769913
0.0569103336
0.0574531985
0.0579055859
0.0582674958
0.0585389282
0.0587198832
0.0588103607
0.0588103607
0.0587198832
0.0585389282
0.0582674958
0.0579055859
0.0574531985
0.0569103336
0.0562769913
0.0555531715
0.0547388742
0.0538340994
0.0528388471
0.0517531174
0.0505769102
0.0493102255
0.0479530633
0.0465054237
0.0449673066
0.0433387119
0.0416196399
0.0398100903
0.0379100633
0.0359195588
0.0338385768
0.0316671173
0.0294051803
0.0270527659
0.0246098740
0.0220765046
0.0194526578
0.0167383334
0.0084144055
0.0113096847
0.0141144866
0.0168288109
0.0194526578
0.0219860271
0.0244289191
0.0267813335
0.0290432704
0.0312147299
0.0332957119
0.0352862164
0.0371862434
0.0389957930
0.0407148651
0.0423434597
0.0438815768
0.0453292165
0.0466863786
0.0479530633
0.0491292705
0.0502150003
0.0512102525
0.0521150273
0.0529293246
0.0536531444
0.0542864868
0.0548293517
0.0552817390
0.0556436490
0.0559150814
0.0560960363
0.0561865138
0.0561865138
0.0560960363
0.0559150814
0.0556436490
0.0552817390
0.0548293517
0.0542864868
0.0536531444
0.0529293246
0.0521150273
0.0512102525
0.0502150003
0.0491292705
0.0479530633
0.0466863786
0.0453292165
0.0438815768
0.0423434597
0.0407148651
0.0389957930
0.0371862434
0.0352862164
0.0332957119
0.0312147299
0.0290432704
0.0267813335
0.0244289191
0.0219860271
0.0194526578
0.0168288109
0.0141144866
0.0057000811
0.0085953604
0.0114001622
0.0141144866
0.0167383334
0.0192717028
0.0217145947
0.0240670091
0.0263289461
0.0285004056
0.0305813876
0.0325718921
0.0344719191
0.0362814687
0.0380005407
0.0396291354
0.0411672525
0.0426148921
0.0439720543
0.0452387390
0.0464149462
0.0475006759
0.0484959282
0.0494007030
0.0502150003
0.0509388201
0.0515721624
0.0521150273
0.0525674147
0.0529293246
0.0532007570
0.0533817120
0.0534721895
0.0534721895
0.0533817120
0.0532007570
0.0529293246
0.0525674147
0.0521150273
0.0515721624
0.0509388201
0.0502150003
0.0494007030
0.0484959282
0.0475006759
0.0464149462
0.0452387390
0.0439720543
0.0426148921
0.0411672525
0.0396291354
0.0380005407
0.0362814687
0.0344719191
0.0325718921
0.0305813876
0.0285004056
0.0263289461
0.0240670091
0.0217145947
0.0192717028
0.0167383334
0.0141144866
0.0114001622
