2.388513 1.342102 0.778249 1.163645 0.878395 0.576036 0.746048 0.663800 0.530077 0.616209 

2.380913 1.600693 1.295665 1.128228 0.970919 0.442990 0.718204 0.646251 0.544583 0.443167 

30.008918 19.476626 12.857490 9.509700 6.934761 5.853385 5.426653 7.497191 6.047877 5.224578 

30.535948 17.614557 11.343359 8.803914 6.691372 5.712992 5.273512 7.304947 6.018935 4.978582 

33.018124 15.823903 13.307123 10.217736 7.437415 6.764212 8.725439 7.396951 5.930722 4.831127 



34.551655 15.680126 11.599379 9.364818 6.071791 6.157654 5.146892 7.349455 6.044033 4.822425 
